50.32094296	19.12921429
50.32552553	19.13653135
50.31886044	19.13781881
50.33287454	19.1310811
50.3049313	19.1379261
50.32538169	19.12075996
50.31862068	19.13472891
50.32214858	19.13145661
50.31159834	19.13968563
50.3150377	19.13573742
50.31414705	19.12794828
50.32545019	19.13320541
50.32908032	19.12625313
50.30576045	19.12801266
50.30641828	19.13101673
50.32720364	19.12346363
50.31136539	19.146595
50.32402545	19.12357092
50.32508031	19.14088726
50.30788465	19.13808703
50.31894265	19.12498713
50.30745982	19.14384842
50.31063911	19.13230419
50.33043641	19.12829161
50.32372406	19.12805557
50.31943588	19.135952
50.31622977	19.1368103
50.3252584	19.12761569
50.32218968	19.13391352
50.33414	19.14895
50.3330526	19.13438559
50.33329914	19.14129496
50.31273569	19.11933303
50.31420872	19.1158998
50.31447591	19.1198802
50.35047192	19.06887531
50.33959929	19.10908699
50.34658325	19.0643692
50.33620279	19.11668301
50.34477574	19.10106182
50.34740483	19.07741547
50.34735006	19.08299446
50.34622723	19.10119057
50.34849339	19.10829306
50.3549695	19.08414245
50.3582346	19.07883167
50.36581808	19.08308029
50.34531663	19.08138514
50.35499004	19.08074141
50.35345666	19.07490492
50.35007143	19.09081042
50.34858239	19.06460524
50.34845916	19.08919573
50.34704881	19.10616875
50.350475	19.08439
50.34800731	19.09432411
50.33851736	19.08640623
50.34650109	19.08934593
50.34796623	19.06805992
50.35180686	19.08045173
50.35555135	19.08549428
50.35968569	19.08397079
50.34522762	19.08301592
50.35804	19.08479
50.35427812	19.09301519
50.32205268	19.15780663
50.32263493	19.1587615
50.32316237	19.15024281
50.33918843	19.16030645
50.32368296	19.16127205
50.32831322	19.1586113
50.32734063	19.15189505
50.33206641	19.15474892
50.33598365	19.15985584
50.34830854	19.16328907
50.35234767	19.14526463
50.34521393	19.14616585
50.3460903	19.17322397
50.34747329	19.13575888
50.35052668	19.15998459
50.34288599	19.13380623
50.347139	19.168568
50.35244351	19.12423611
50.34693927	19.13088799
50.35509956	19.13239002
50.35833043	19.14131641
50.34273535	19.15715218
50.35201908	19.13824797
50.36484626	19.14517879
50.35523647	19.12118912
50.35129342	19.18221474
50.35403168	19.18393135
50.31052263	19.13937449
50.32379256	19.11110401
50.32203898	19.11213398
50.32001132	19.11451578
50.32349802	19.1182065
50.32056619	19.1180563
50.3157228	19.11624312
50.3330526	19.12367821
50.32945016	19.12011623
50.33255951	19.11543846
50.32829267	19.11373258
50.32962824	19.11438704
50.35238875	19.17702198
50.34954086	19.17547703
50.32088815	19.14880514
50.31583242	19.15895462
50.31990171	19.14972782
50.31995651	19.14243221
50.3197099	19.14507151
50.08539947	19.0850544
50.07664209	19.18985367
50.08198483	19.16195869
50.07856995	19.16865349
50.07520991	19.17826653
50.08939209	19.09179211
50.08066	19.08290
50.08981	19.09212
50.09852	19.09738
50.10032189	19.09719944
50.3791923	18.98058236
50.39421114	19.01724815
50.37935308	18.99141312
50.3759868	18.9636898
50.38608493	19.01551008
50.38050591	18.99926662
50.37324981	18.97774458
50.37957202	19.01089668
50.38230865	19.00351524
50.38727522	19.00559664
50.39864302	18.98626328
50.39538754	19.00377274
50.4008041	19.01862144
50.39251487	19.00939465
50.39659128	19.01287079
50.39444368	19.00289297
50.43750004	19.06119347
50.43624267	19.02196884
50.43665269	19.01887894
50.43359117	19.04055119
50.43236104	19.04947758
50.44871233	19.04005766
50.44509817	19.02377129
50.44374536	19.0365386
50.40709529	19.02814865
50.41143025	19.04687047
50.40870898	19.05832887
50.38159714	19.03621674
50.39308942	19.02428627
50.39150256	19.0296936
50.38830815	19.04075503
50.43905803	19.03313756
50.43520396	19.03007984
50.43128806	19.05757785
50.42221124	19.05243874
50.42302467	19.04697776
50.41880015	19.06763077
50.42016735	19.06136513
50.42795964	19.0557003
50.42842441	19.04850125
50.41836264	19.08509731
50.41380953	19.08391714
50.41825326	19.07612801
50.40807992	18.98609161
50.41253786	18.97596359
50.33017615	18.86361122
50.33794216	18.86902928
50.33807911	18.8704133
50.33461402	18.86923313
50.33917474	18.87355685
50.33321011	18.94005418
50.34758968	18.91539931
50.36533902	18.91678333
50.34991054	18.92246962
50.35422335	18.92073154
50.35890539	18.92107487
50.36886345	18.91245961
50.34397466	18.91362906
50.35616741	18.9085865
50.35531176	18.92921805
50.34450871	18.93010855
50.35666711	18.92172933
50.35682454	18.92980814
50.34508384	18.91857505
50.34995162	18.90418768
50.34855501	18.91824245
50.34472781	18.92850995
50.35997316	18.93184662
50.35410014	18.90972376
50.34150971	18.91724467
50.35092375	18.89513254
50.34788407	18.9275229
50.35740637	18.92879963
50.3452687	18.91656876
50.35167679	18.91838193
50.36651614	18.89532566
50.35552397	18.90611887
50.33653149	18.93819809
50.35816615	18.90358686
50.34889732	18.92987251
50.35140296	18.92631054
50.34511807	18.92068863
50.34899317	18.92448664
50.34563842	18.9305377
50.35169048	18.88906002
50.35843995	18.92208338
50.34475519	18.91465902
50.35159464	18.93056989
50.35650282	18.92981887
50.34743221	18.91742706
50.3521423	18.91970158
50.35657812	18.89811516
50.35082791	18.91365051
50.35256673	18.92367125
50.35085529	18.91225576
50.35040346	18.90008926
50.34922594	18.91032457
50.35934345	18.93345594
50.34218758	18.91569972
50.37513835	18.88051987
50.38055722	18.88593793
50.36958199	18.89618397
50.37031421	18.89305115
50.37420777	18.8911736
50.36752899	18.89438152
50.40379252	18.81115794
50.39355795	18.79898071
50.39242253	18.79719436
50.39748038	18.80356193
50.35312123	18.87432933
50.3633132	18.87579918
50.35212861	18.87643218
50.34602183	18.87534857
50.35690668	18.87635708
50.34978047	18.87688279
50.32433369	18.89915586
50.32255958	18.90768528
50.32573787	18.93373489
50.32895019	18.93321991
50.32486112	18.94412041
50.32390901	18.92721176
50.33639453	18.92249107
50.32786117	18.92819881
50.32766939	18.93159986
50.32379256	18.93019438
50.32072375	18.94557953
50.32113476	18.91665459
50.3197373	18.9318037
50.33091583	18.92749071
50.32029903	18.92628908
50.31758623	18.9465344
50.36897979	18.85017872
50.35904229	18.82425785
50.35978151	18.83811951
50.35321022	18.84142399
50.36204018	18.84837627
50.37023894	18.84549022
50.35630432	18.8562727
50.36629714	18.84413838
50.36160899	18.85730267
50.36300522	18.85058641
50.35866582	18.85525346
50.34598075	18.85116577
50.36543483	18.85290384
50.35477099	18.86391163
50.36501735	18.85260344
50.39893026	18.88474703
50.39412906	18.88833046
50.34279697	18.94114852
50.34096877	18.95708084
50.34192739	18.9322114
50.34428276	18.93232942
50.34173567	18.94999981
50.38832867	18.81340027
50.38846548	18.81857693
50.39555169	18.81730556
50.39990139	18.81275654
50.38986092	18.82176876
50.38386845	18.81537437
50.39883452	18.8341713
50.38438838	18.88294458
50.39842418	18.87667894
50.38949838	18.88142109
50.39391019	18.86865377
50.39276111	18.88017654
50.39511396	18.87927532
50.39645449	18.86685133
50.39525075	18.87339592
50.39782234	18.87133598
50.39839682	18.86163712
50.41037732	18.86798859
50.40416862	18.87142181
50.33794216	18.8843286
50.33307314	18.89412403
50.33516188	18.8877511
50.33911996	18.90393019
50.34044837	18.90805006
50.33655204	18.89750361
50.32745707	18.8933301
50.33638769	18.88972521
50.33275811	18.89010072
50.3378189	18.89096975
50.09977133	19.21654701
50.10384532	19.22813416
50.11111159	19.20109749
50.11936737	19.18710709
50.11254269	19.19920921
50.10698316	19.1930294
50.1275667	19.19925213
50.10778135	19.18444633
50.11023089	19.18805122
50.10577209	19.20229912
50.11727604	19.19976711
50.10918503	19.19371605
50.09327424	19.20684814
50.0983949	19.20156956
50.08432554	19.19835091
50.0909615	19.20075417
50.29010013	18.96315336
50.275998	18.9358592
50.27592943	18.94015074
50.26736464	18.93397093
50.27881602	18.9450109
50.27411923	18.93774748
50.27093063	18.93142819
50.27556603	18.93166423
50.26407958	18.93633127
50.27126665	18.93850923
50.25991	18.94139
50.26812587	18.93727541
50.25708	18.94358
50.26572557	18.94373417
50.27647111	18.9489162
50.2584725	18.93608451
50.25387317	18.94244671
50.2829159	18.93700719
50.27457179	18.95580411
50.29728327	18.93590212
50.29670	18.93526
50.29431556	18.95733833
50.28856466	18.94738197
50.28680978	18.94362688
50.28360146	18.94018292
50.28595973	18.94976377
50.28290	18.94802
50.29785897	18.95168424
50.29644027	18.95513892
50.30040157	18.94596577
50.30305367	18.94414186
50.29676924	18.93095613
50.28906506	18.94547224
50.28530848	18.94165277
50.29191658	18.94596577
50.31000875	18.94540787
50.29765336	18.96333575
50.29698856	18.94306898
50.31055689	18.94115925
50.30730222	18.9422214
50.30306053	18.95135164
50.29859229	18.95019293
50.2901344	18.95853996
50.30880282	18.95002127
50.30908375	18.9358592
50.31696966	18.93640637
50.29493927	18.9535296
50.29796863	18.95558953
50.30150492	18.95190954
50.3042529	18.92311335
50.31364006	18.94778967
50.2943841	18.9404726
50.2809757	18.94636273
50.29806458	18.95355105
50.29862656	18.95463467
50.30640457	18.93274784
50.29456916	18.95093322
50.31003616	18.95064354
50.28733762	18.96819592
50.30280697	18.97382855
50.30108003	18.98088813
50.31522268	18.95680189
50.30946746	18.97364616
50.30103206	18.97113562
50.29826	18.96890
50.29858544	18.99111271
50.315668	18.96341085
50.31711353	18.98119926
50.29258145	18.94464612
50.30177904	18.93975377
50.30343058	18.92786622
50.29452803	18.93650293
50.30351281	18.94907713
50.29571376	18.93178225
50.30270418	18.93429279
50.29164926	18.94913077
50.2943841	18.94892693
50.28478061	18.95917296
50.28077687	18.96021366
50.28164758	18.95514965
50.28484231	18.96272421
50.32478577	18.95723104
50.32155262	18.97843122
50.32101146	18.98501873
50.32188828	18.97715449
50.32332677	18.96995544
50.31274939	19.07308102
50.33777781	19.06920791
50.33034053	19.08325195
50.29866083	19.07349944
50.32038124	19.07151461
50.31538711	19.06454086
50.30950172	19.07739401
50.30706239	19.06726599
50.31165315	19.08240438
50.3118587	19.07003403
50.30814503	19.07256603
50.30884393	19.06336069
50.31992911	19.0545845
50.32003872	19.07042027
50.31921667	19.06363964
50.32738172	19.07372475
50.31957289	19.07726526
50.32334732	19.0725553
50.31596259	19.07046318
50.32069635	19.09084797
50.33357308	19.07076359
50.32261438	19.07818794
50.32208008	19.10222054
50.31609275	19.10413027
50.30132674	19.09118056
50.29998352	19.1003108
50.30406788	19.08299446
50.30278641	19.09728527
50.30179274	19.08713579
50.30524652	19.09705997
50.30941949	19.09120202
50.1491314	18.67722988
50.1575181	18.66289616
50.15388863	18.67199421
50.16892715	18.65371227
50.18205106	18.65122318
50.16447382	18.66298199
50.15386113	18.59916687
50.17651335	18.61144066
50.16316798	18.60543251
50.13650733	18.63446474
50.13865283	18.63023758
50.14151335	18.63068819
50.1405507	18.62560272
50.14308106	18.63131046
50.14072604	18.64326775
50.13249113	18.64495754
50.13713999	18.64191055
50.12536568	18.65461349
50.1395055	18.66903305
50.13573713	18.66937637
50.129747	18.67374301
50.12802	18.66645
50.31724369	19.22581673
50.37949676	19.23977494
50.37470043	19.2362237
50.37210023	19.2293787
50.34636074	19.46275234
50.34438889	19.43893969
50.34497087	19.45076287
50.3437624	19.43035126
50.35635908	19.45524216
50.32190198	19.19579744
50.32535087	19.18717146
50.33423052	19.19493914
50.32894334	19.18647408
50.33623018	19.20543194
50.3189358	19.18813705
50.32503236	19.17393208
50.33040217	19.19432759
50.33038162	19.19075489
50.33484686	19.20004606
50.32637487	19.18639898
50.3177575	19.21273828
50.32561457	19.18122768
50.31862753	19.18395281
50.33848997	19.2100668
50.32361447	19.16729093
50.32477892	19.16989803
50.34118104	19.2421782
50.3377915	19.21581745
50.33410725	19.22444344
50.32814884	19.21023846
50.34263949	19.22688961
50.34698719	19.24743533
50.34247516	19.23506498
50.33124457	19.2473495
50.33444967	19.22742605
50.33188149	19.22695398
50.33301151	19.25199509
50.33527145	19.21967983
50.33214859	19.21948671
50.33313478	19.21174049
50.33626442	19.22431469
50.33132675	19.23356295
50.33066242	19.24245715
50.33091583	19.24236059
50.34122212	19.24320817
50.34458403	19.22680378
50.34083867	19.24316525
50.32686802	19.21988368
50.30551376	19.25173759
50.30030562	19.25750971
50.30343058	19.265728
50.316305	19.178676
50.31594203	19.1735673
50.33568234	19.31267738
50.33981841	19.30752754
50.364682	19.21191216
50.367091	19.21573162
50.36914403	19.22246933
50.34806208	19.18715
50.33369635	19.18657064
50.34630939	19.18384552
50.34135907	19.18157101
50.34034566	19.19842601
50.33850367	19.18360949
50.33686704	19.18406546
50.35334713	19.46760178
50.32940907	19.39730644
50.32220338	19.40104008
50.32195678	19.40606117
50.34754175	19.40846443
50.34666541	19.41721916
50.36164321	19.34246063
50.35731738	19.3585968
50.35800188	19.38254356
50.3592887	19.35039997
50.34208487	19.21230912
50.34784299	19.21089292
50.34743906	19.21900392
50.35127973	19.21662211
50.35520909	19.33945656
50.35132081	19.33859825
50.34863716	19.31808472
50.34677495	19.30503845
50.35221076	19.3543911
50.35794712	19.30083275
50.35189585	19.34834003
50.35175894	19.33853388
50.34978732	19.32915688
50.35206015	19.32808399
50.35337452	19.3155098
50.3660097	19.18789029
50.35401115	19.19029355
50.34151656	19.37730789
50.33124457	19.38765049
50.34565212	19.36692238
50.35192324	19.3639183
50.33603844	19.38031197
50.32971043	19.38323021
50.31862068	19.16906118
50.3172848	19.16341782
50.31903856	19.16724801
50.3208265	19.16685104
50.31599684	19.16357875
50.31485957	19.16760206
50.31913446	19.17760134
50.40977563	19.250772
50.34087291	19.2156136
50.42605953	19.22766209
50.37995516	19.18865204
50.32535429	19.20384407
50.32381996	19.21071053
50.31857272	19.20706272
50.32098406	19.21635389
50.32316237	19.20174122
50.33992797	19.39464569
50.33902409	19.38773632
50.38841076	19.2976141
50.38624911	19.28295851
50.38504512	19.28353786
50.38545557	19.28057671
50.38655011	19.28772211
50.31712038	19.21648264
50.30685682	19.27452564
50.30620585	19.33333039
50.3196277	19.30340767
50.30126506	19.31370735
50.31065967	19.28687453
50.31025542	19.29821491
50.31373598	19.25233841
50.31050208	19.25220966
50.30622641	19.33773994
50.31498974	19.27952528
50.30636346	19.30924416
50.32069635	19.31473732
50.33450445	19.32825565
50.3304638	19.32008028
50.32645021	19.3191576
50.31546247	19.25894737
50.31538025	19.28514719
50.31307826	19.28662777
50.29952435	19.30179834
50.30639087	19.32422161
50.31287272	19.29192781
50.31510621	19.26976204
50.31849052	19.29212093
50.30628123	19.31791306
50.31625718	19.24800396
50.30540412	19.28452492
50.30630	19.28638
50.30981	19.27383
50.31357155	19.33739662
50.43347499	19.23699617
50.42379708	19.27468657
50.42718047	19.25209165
50.42562209	19.26137209
50.43139058	19.24508572
50.38997036	19.31353569
50.38425156	19.29924488
50.38742572	19.30630445
50.38894431	19.323138
50.38140558	19.29018974
50.33762716	19.25401211
50.34099616	19.25911903
50.34174936	19.26545978
50.33793531	19.25396919
50.34939024	19.25750971
50.35411383	19.26195145
50.35635908	19.2774868
50.340106	19.25141573
50.38761725	19.24214602
50.39105111	19.24122334
50.39005929	19.23417449
50.39531915	19.241395
50.39779498	19.23688889
50.3989713	19.23306942
50.35077314	19.38923836
50.34855501	19.39867973
50.38099509	19.25274611
50.37528204	19.26736951
50.36728946	19.26255226
50.37121749	19.26743388
50.37526151	19.24952745
50.36164321	19.28774357
50.38338273	19.24729586
50.35429865	19.24782157
50.37518967	19.27579701
50.37272292	19.2737639
50.38033829	19.26537395
50.37620575	19.26054597
50.35830305	19.24814343
50.3644014	19.28004563
50.37970886	19.28122044
50.36271092	19.25550342
50.38241811	19.2731148
50.36802172	19.26967621
50.21089724	18.77887487
50.20442897	18.77082825
50.22329574	18.76904726
50.21854543	18.70503902
50.23500477	18.72098207
50.22371446	18.72747302
50.21943786	18.73681784
50.23637041	18.73666763
50.22951438	18.7295866
50.22013807	18.71332169
50.24279318	18.7600565
50.24065235	18.76653671
50.23282241	18.79059076
50.23113754	18.78112257
50.22479213	18.78909945
50.23398909	18.77413273
50.23348125	18.75658035
50.25632894	18.73146415
50.25274814	18.72265577
50.25195237	18.75031471
50.2479836	18.73669446
50.25119774	18.72806311
50.24512945	18.74410808
50.24072783	18.74868393
50.2494552	18.74404907
50.25894921	18.72520924
50.25959397	18.72576714
50.2489338	18.66643667
50.24071411	18.71236682
50.25178772	18.67937565
50.24934543	18.67105007
50.25387317	18.6937952
50.24791842	18.65791798
50.25348902	18.68778706
50.25683655	18.69782925
50.25406525	18.69805455
50.31638049	18.59219313
50.32465563	18.57839584
50.33017615	18.56861115
50.31946329	18.58496189
50.33855845	18.55659485
50.31883304	18.59333038
50.32801185	18.57307434
50.36090401	18.62925053
50.35906966	18.6420393
50.36037014	18.64948511
50.36425768	18.6390996
50.29948323	18.70448112
50.29654993	18.64969969
50.2681533	18.71103644
50.29153273	18.69645596
50.27433179	18.70014668
50.29103921	18.69615555
50.28340951	18.66298199
50.27782184	18.6814785
50.30077164	18.6646986
50.30438995	18.63568783
50.29299956	18.67475152
50.29729012	18.69439602
50.29685834	18.67529869
50.30025765	18.67536306
50.26438134	18.69100571
50.29353419	18.68770123
50.29127226	18.66641521
50.299739	18.651699
50.30809021	18.68626356
50.28273765	18.68298054
50.27882287	18.69159579
50.29602904	18.68130684
50.29653622	18.65816474
50.28731705	18.66441965
50.28684062	18.67371082
50.29520658	18.6521244
50.29018924	18.71160507
50.28740617	18.6770153
50.29844152	18.69976044
50.2997231	18.68412852
50.28247028	18.67639303
50.29122428	18.67233753
50.2919577	18.66830349
50.29504208	18.66697311
50.28929127	18.66647959
50.30104576	18.68575931
50.29567264	18.66199493
50.31672989	18.66592169
50.29794807	18.67971897
50.29812626	18.67659688
50.29722844	18.66664052
50.31879879	18.69740009
50.32269658	18.63882065
50.31347563	18.69194984
50.30403361	18.69279742
50.32809405	18.62980843
50.29386319	18.64684582
50.30959079	18.68823767
50.27387238	18.68328094
50.28816022	18.65251064
50.2889828	18.6473608
50.29274595	18.64222169
50.29018924	18.70143414
50.28476005	18.6851263
50.29570006	18.65027905
50.30599343	18.66222024
50.31048495	18.66982698
50.30397879	18.69138122
50.30390684	18.68263185
50.28780376	18.65761757
50.30645939	18.67173672
50.30340316	18.72327805
50.3150514	18.66122246
50.30493815	18.67366791
50.30644569	18.67658615
50.3099882	18.68139267
50.29213249	18.6731261
50.29823591	18.65421653
50.29504208	18.68868828
50.30458182	18.73042345
50.31203684	18.64843369
50.319531	18.622419
50.30123765	18.71254921
50.31713408	18.64517212
50.29575489	18.66939783
50.29032633	18.65761757
50.28112653	18.69991064
50.34112626	18.62266302
50.34198217	18.62143993
50.35574301	18.61513674
50.36755636	18.61624718
50.34967778	18.62483025
50.33893165	18.63160014
50.35912442	18.62216949
50.33929799	18.6316967
50.3399622	18.61984134
50.34882543	18.61765802
50.34589517	18.62358034
50.34236561	18.63105297
50.34743221	18.62388611
50.301329	18.638354
50.299003	18.644074
50.302704	18.642279
50.301155	18.648363
50.32125122	18.66368473
50.3182713	18.65489244
50.32465905	18.66170526
50.3164764	18.65697384
50.32697077	18.65019321
50.32239518	18.6490345
50.32461453	18.65690947
50.32165537	18.69390249
50.31068022	18.61574292
50.313874	18.618731
50.28222347	18.66740227
50.28123622	18.67421508
50.28467778	18.60968113
50.28251141	18.59985352
50.28048207	18.5912919
50.27121179	18.56779575
50.27560031	18.57633591
50.27882287	18.58436108
50.33843519	18.64040315
50.3411605	18.65221024
50.33428873	18.64208758
50.33901382	18.6495173
50.33131305	18.64278495
50.27791783	18.65781069
50.28245657	18.65978479
50.29071019	18.73216152
50.29559039	18.73207569
50.27954963	18.71263504
50.29809884	18.73247266
50.29309552	18.72533798
50.28462294	18.71958733
50.28656985	18.72812748
50.29036746	18.74280453
50.29158757	18.72877121
50.28973683	18.73703241
50.288407	18.72619629
50.29077873	18.71890068
50.28122251	18.73495102
50.2930681	18.72885704
50.27464035	18.7069273
50.29147789	18.7318182
50.28687147	18.72581005
50.28325183	18.73040199
50.310399	18.627579
50.31543506	18.597579
50.30978949	18.60856533
50.312081	18.625384
50.305248	18.629514
50.32203898	18.60006809
50.30726796	18.61980915
50.31960029	18.59659195
50.33124457	18.61723423
50.32656	18.60969
50.33349	18.60326
50.32538169	18.6084795
50.32954605	18.61453056
50.32727214	18.61736298
50.31720944	18.66565347
50.319621	18.681877
50.31842886	18.6744833
50.3172985	18.66851807
50.31944959	18.68510485
50.32094296	18.68838787
50.27699221	18.66145849
50.25395549	18.65306854
50.27660138	18.66512775
50.25176028	18.64989281
50.27662881	18.66823912
50.26328399	18.65813255
50.26937397	18.66113663
50.2748872	18.67014885
50.2688665	18.56674433
50.26218662	18.57367516
50.28844127	18.63713622
50.28764609	18.63745809
50.28868119	18.63890648
50.28654242	18.6235857
50.32721734	18.69915962
50.32406655	18.70842934
50.32520703	18.70353699
50.32880636	18.69439602
50.32224448	18.7008816
50.32932688	18.71654034
50.14643634	19.20779228
50.15144133	19.21749115
50.15710567	19.23311234
50.14349361	19.17603493
50.14467623	19.16461945
50.13163833	19.19865131
50.13859782	19.19440269
50.15872786	19.18470383
50.14508876	19.15659428
50.15454855	19.22920704
50.14365863	19.18247223
50.14704137	19.18551922
50.16249443	19.18513298
50.15889283	19.17725801
50.15269249	19.18084145
50.14198092	19.20011044
50.15821234	19.17731166
50.24193549	19.2749548
50.24691675	19.29214239
50.23924566	19.2769289
50.25230909	19.27431107
50.24043963	19.28976059
50.24402137	19.32400703
50.24303333	19.29443836
50.27237753	19.04731035
50.26949741	19.03692484
50.26536894	19.04149532
50.26376409	19.04634476
50.26647996	19.04261112
50.27842521	19.08973217
50.2221494	18.99333358
50.22498433	18.99287224
50.23456556	18.99976015
50.23411262	18.9958334
50.2405357	18.99057627
50.23807225	19.00277495
50.23680274	19.01025295
50.23732427	19.00454521
50.24133166	18.98776531
50.22727686	18.99463177
50.23139491	18.98864508
50.22625759	18.99469078
50.23924566	18.99456739
50.23132628	18.99704576
50.24484471	18.99679899
50.24083762	19.00527477
50.26934654	19.07994747
50.27285753	19.07312393
50.27121179	19.0859127
50.26716576	19.01008129
50.27156151	18.9938271
50.27951535	19.00559664
50.27151351	19.00566101
50.2751889	19.00051117
50.2705809	19.01578903
50.26827674	19.05715942
50.27949478	19.07662153
50.27989244	19.06636477
50.2772459	19.06992674
50.27431122	19.05685902
50.28795457	19.07108545
50.28007756	19.08213615
50.27880916	19.08194304
50.28289533	19.0713644
50.27710877	19.06973362
50.26768696	19.05497074
50.27741046	19.06539917
50.27868575	19.06979799
50.27387923	19.07061338
50.28275822	19.06342506
50.27306324	19.06162262
50.28658356	19.05846834
50.27858976	19.0730381
50.21770103	19.0601635
50.22700231	19.05527115
50.22937711	19.06097889
50.22461367	19.04891968
50.22348794	19.06398296
50.22588351	19.06889677
50.22395471	19.05842543
50.22179931	19.07031298
50.21952024	19.07162189
50.22329574	19.06702995
50.22248575	19.07557011
50.24229229	19.09340143
50.24061804	19.09325123
50.24769888	19.08960342
50.23177924	19.08621311
50.24632671	19.08642769
50.23481262	19.09082651
50.24435071	19.09505367
50.2421825	19.08895969
50.27639569	19.015553
50.27499691	19.00918007
50.28116766	19.01175499
50.2792891	19.01596069
50.28496571	19.01287079
50.27764358	19.00834322
50.26160363	19.02239799
50.25643184	19.01519895
50.2511703	19.00422335
50.24363027	19.02438283
50.26565698	19.01887894
50.24661487	19.05067921
50.25776942	19.03149605
50.26186426	19.0088582
50.25473065	19.01610017
50.25898	19.01744
50.25962826	19.01799917
50.25274814	19.02703285
50.25088903	19.02647495
50.25757736	19.03623819
50.25203	19.04853
50.26246096	19.03580904
50.25407897	19.02385712
50.243198	19.01599288
50.2467761	19.02568102
50.25657589	19.02048826
50.25505305	19.01420116
50.24544	19.00946
50.25324206	19.03441429
50.25698745	19.0282774
50.24202469	19.01823521
50.26080114	19.01951194
50.2526864	19.00877237
50.25664448	19.01280642
50.25197981	18.99003983
50.26178195	19.01878238
50.25469635	19.01838541
50.26030387	19.01378006
50.25064892	19.01396513
50.25046369	19.04884458
50.25243257	19.01560664
50.26574614	19.02395368
50.25912755	19.02168989
50.25937447	19.02276278
50.26028672	19.01187301
50.26609591	19.01851416
50.26610	19.02395
50.2482889	19.01201248
50.2614253	19.01876092
50.26671313	19.01119709
50.25877087	19.02658224
50.25801	19.02153
50.26350347	19.02722597
50.24730095	19.01714087
50.26401099	19.01171207
50.23639099	18.9650631
50.23457929	18.95536423
50.23328909	18.96334648
50.23688508	18.9605999
50.28596659	19.00690556
50.28752956	19.00742054
50.24558572	19.06179428
50.25066264	19.11041737
50.23586945	19.07316685
50.23357733	19.06810284
50.23738603	19.05352235
50.19736231	18.97821665
50.17994873	19.0048027
50.18826133	18.99201393
50.18791786	18.98177862
50.18297853	18.99891257
50.19320698	18.98195028
50.19359849	18.98995399
50.17766766	19.01209831
50.27029289	19.02456522
50.27516148	19.02212977
50.27015574	19.02544498
50.2683316	19.0201664
50.2715238	19.01930809
50.27016945	19.02445793
50.26816701	19.02093887
50.27557288	19.02321339
50.2742838	19.02398586
50.21818845	18.95828247
50.22074216	18.96017075
50.22782595	18.97328138
50.22601392	18.97643566
50.2279495	18.9712429
50.22704349	18.98697138
50.2265493	18.9790535
50.22752395	18.95956993
50.23026934	18.97154331
50.22575309	18.97008419
50.22357032	18.96967649
50.22746904	18.98170352
50.22371446	18.98378491
50.22475095	18.95776749
50.22096183	18.96947265
50.2249706	18.96594286
50.21953397	18.9745903
50.29068277	19.00578976
50.22422928	19.01042461
50.24056315	19.02490854
50.23437341	19.02598143
50.23007717	19.02651787
50.19763016	19.04548645
50.20445644	19.01819229
50.19986907	19.0522027
50.20205293	19.02432919
50.19308335	19.03711796
50.18723092	19.03789043
50.20300062	19.0433836
50.19830322	19.04368401
50.20372167	19.0475142
50.20723062	19.04158115
50.19514389	19.03278351
50.19956689	19.05527115
50.19157223	19.0417099
50.2435548	19.08196449
50.24614832	19.08009768
50.23973972	19.06876802
50.24019261	19.07818794
50.2503745	19.08228636
50.2441037	19.08556938
50.26782412	18.961308
50.26712461	18.96746635
50.26712461	18.95504236
50.2683316	18.95965576
50.26547181	18.96066427
50.21052648	18.98789406
50.21115815	18.99149895
50.2185317	18.98343086
50.21604651	18.98986816
50.21206446	18.99945974
50.22131879	18.9895463
50.21299821	18.98840904
50.21266	18.98976
50.2718358	19.04897332
50.26946998	19.04346943
50.26656911	19.0469563
50.20306929	18.98384929
50.20315856	18.99146676
50.20614569	18.98956776
50.20692849	18.9836669
50.24778121	19.03565884
50.24550338	19.04050827
50.25090961	19.03312683
50.243198	19.03621674
50.27460607	18.966254
50.2787406	18.97127509
50.27405066	18.97482634
50.28020097	18.9669621
50.28382084	18.97140384
50.27972789	18.97288442
50.28248399	18.96412969
50.27319353	18.98149967
50.28550728	18.96692991
50.27660824	18.97509456
50.27634083	18.98343086
50.26062281	18.96991253
50.25675423	18.97218704
50.26671313	18.97377491
50.26499859	18.97680044
50.26313	18.97572
50.26038961	18.96463394
50.26091774	18.976897
50.22793577	18.92856359
50.22955556	18.93841267
50.23123019	18.95236015
50.22200524	18.92624617
50.22700231	18.92377853
50.22807304	18.91819954
50.22922	18.91661
50.22983009	18.94738197
50.22983009	18.94738197
50.22886921	18.93304825
50.20657143	18.96429062
50.19533621	18.96948338
50.20091294	18.976264
50.21557967	18.97201538
50.20124258	18.97162914
50.21214685	18.97341013
50.21032736	18.98244381
50.20074812	18.96317482
50.2084666	18.97424698
50.20860392	18.96291733
50.2113504	18.98476124
50.2050882	18.97154331
50.1863791	18.95853996
50.18316402	18.9594841
50.19135242	18.96622181
50.17615605	18.9699769
50.18269686	18.97806644
50.17750276	18.96626472
50.23149099	18.98211122
50.24061804	18.98092031
50.23831243	18.98617744
50.23490869	18.97768021
50.26391497	19.08747911
50.2593196	19.11200523
50.26174766	19.10306811
50.26612334	19.08905625
50.26281761	19.09475327
50.26374351	19.10745621
50.26075999	19.10904408
50.26508089	19.08797264
50.26189855	19.07172918
50.2620906	19.07179356
50.27059462	19.11205888
50.26578043	19.09237146
50.26480656	19.07252312
50.29528	19.00501
50.28311471	19.01924372
50.28338	19.02943
50.27815095	19.0210247
50.29301327	19.0134716
50.27739674	19.02244091
50.18093807	19.095397
50.25639754	19.08117056
50.25468949	19.09362674
50.25520397	19.08533335
50.27660138	18.98413897
50.28149675	18.97731543
50.27295353	18.99076939
50.25521769	18.97733688
50.25071752	18.9814353
50.26306452	18.98707867
50.27038889	18.97460103
50.26764582	18.99031878
50.26589016	18.99594069
50.26495744	18.99793625
50.26320169	19.00469542
50.27263124	18.96470904
50.26907909	18.97975087
50.19258881	18.94755363
50.18433192	18.95210266
50.18184495	18.93633127
50.19563154	18.9312458
50.19580325	18.93178225
50.19558346	18.93480778
50.18879713	18.95145893
50.18525247	18.95266056
50.19374273	18.93892765
50.18261441	18.94527912
50.26022499	19.05329704
50.25968313	19.0619874
50.25936076	19.05475616
50.25815354	19.04105544
50.25975172	19.06311393
50.25835246	19.046731
50.25933332	19.04763222
50.25982717	19.06868219
50.23986324	18.65534306
50.2326028	18.66025686
50.21827083	18.68669271
50.21998705	18.66544962
50.22096183	18.67444038
50.2248951	18.67007375
50.22254067	18.66390467
50.22702977	18.65764976
50.23065369	18.64992499
50.22207389	18.66924763
50.21759805	18.65448475
50.23713213	18.66020322
50.20816447	18.63367081
50.20896097	18.6425972
50.21264119	18.62955093
50.21437135	18.64654541
50.2036324	18.64276886
50.21467343	18.6490345
50.20679116	18.6375761
50.1903633	18.6241436
50.19311082	18.63178253
50.19508895	18.64980698
50.19778126	18.6473608
50.56857417	18.61684799
50.57293522	18.64740372
50.57298973	18.62277031
50.56034157	18.60938072
50.57102731	18.62483025
50.5658483	18.66182327
50.56415819	18.66834641
50.10758869	19.1580534
50.10805659	19.17045593
50.10621248	19.15380478
50.10896485	19.13397789
50.10588219	19.13685322
50.15075386	19.14582253
50.1518813	19.13462162
50.14706887	19.13339853
50.15480977	19.13745403
50.14116955	19.12681103
50.11545981	19.10501003
50.12173376	19.10973072
50.12672757	19.10604
50.11953247	19.11206961
50.12711275	19.12663937
50.13035911	19.10833597
50.13720875	19.11747694
50.121266	19.12346363
50.40487979	19.32495117
50.39615356	19.32795525
50.39879348	19.32645321
50.41480769	19.31113243
50.43449324	19.29542542
50.42831505	19.29877281
50.41438382	19.32681799
50.42194465	19.30254936
50.38876646	19.46142197
50.3863312	19.44700241
50.38072142	19.41361427
50.38871174	19.42322731
50.38570185	19.4332695
50.37130645	19.4019413
50.39875245	19.34331894
50.39867038	19.35194492
50.50007995	19.00016785
50.50379	19.01321
50.48821771	18.99967432
50.50346471	19.01640058
50.47231709	18.9947927
50.4955347	18.92761946
50.50010725	18.9257741
50.4937158	18.91308188
50.4912757	18.92275929
50.49161698	18.92307043
50.48660673	18.94777894
50.49284557	18.94523621
50.50017549	18.94053698
50.4544985	19.17397499
50.45387	19.17212
50.45217	19.16350
50.4543892	19.1857338
50.45427991	19.18024063
50.45602861	19.18985367
50.44580873	19.11466599
50.46067327	19.11732674
50.46187535	19.10917282
50.45818024	19.09522533
50.4459727	19.11372185
50.4487055	19.10393715
50.46318667	19.09430265
50.44687454	19.13934231
50.44467457	19.12861347
50.44859619	19.14779663
50.41931969	19.17770863
50.41565544	19.17938232
50.42601852	19.09080505
50.42590916	19.1021347
50.45795483	19.14346218
50.4587335	19.1379261
50.45706687	19.13020134
50.46011321	19.12984729
50.44381368	19.08827305
50.42614156	19.08346653
50.45175238	19.09301519
50.43524496	19.08429265
50.45176604	19.09329414
50.44744843	19.16255951
50.42519831	19.18942451
50.42875247	19.18109894
50.44198254	19.16796684
50.43700803	19.15071487
50.43454791	19.17028427
50.42711212	19.17406082
50.43635201	19.15895462
50.45091894	19.15740967
50.43728137	19.10393715
50.42798698	19.11046028
50.4373907	19.11642551
50.42774093	19.12320614
50.46363743	19.09282207
50.43815604	19.12788391
50.43793737	19.1348362
50.4373907	19.13929939
50.41847201	19.15989876
50.41754229	19.13784027
50.41726884	19.15114403
50.42569728	19.1377759
50.47312966	19.12445068
50.4771172	19.11243439
50.45089162	19.14728165
50.43668002	19.09329414
50.22755827	18.83274436
50.22385175	18.81759524
50.22801814	18.80492449
50.19000611	18.92192245
50.17217067	18.90043259
50.17959146	18.93051624
50.16586897	18.91013145
50.18102052	18.91134381
50.17309146	18.91332865
50.16854918	18.90370488
50.17674696	18.92107487
50.17530403	18.90711665
50.1845861	18.87694716
50.21697332	18.83539438
50.17856086	18.89003634
50.17687751	18.89300823
50.21232536	18.84561896
50.19243769	18.86910439
50.20716883	18.85359049
50.20048716	18.86213064
50.22017926	18.82597446
50.24059059	19.10642624
50.24012399	19.11380768
50.24317056	19.11187649
50.20507447	19.15828943
50.19835816	19.15985584
50.19800103	19.15019989
50.20306929	19.1488266
50.20979866	19.13942814
50.2013662	19.14155245
50.19550105	19.1510582
50.20643409	19.15758133
50.20797221	19.14764643
50.2220327	19.15401936
50.21176923	19.15715218
50.21719987	19.15771008
50.22942515	19.14463162
50.21678796	19.15727019
50.22842995	19.12483692
50.22551972	19.12466526
50.22126387	19.12642479
50.23021444	19.1239357
50.23486752	19.12380695
50.23433223	19.12367821
50.23400282	19.12496567
50.23249299	19.11449432
50.17071386	19.22933578
50.1611198	19.23736095
50.17725541	19.21571016
50.18255945	19.19075489
50.17307772	19.22562361
50.17610796	19.218328
50.18159762	19.20654774
50.16657683	19.23122406
50.23731055	19.1183567
50.23916332	19.11367893
50.23908098	19.122262
50.17045273	19.15704489
50.19105019	19.16268826
50.18375484	19.16215181
50.17772263	19.1646409
50.17368241	19.16721582
50.18448305	19.16041374
50.18129533	19.15668011
50.18492272	19.13376331
50.17857461	19.12739038
50.17588121	19.13711071
50.17816236	19.12865639
50.1706314	19.15281773
50.17269291	19.14412737
50.18407086	19.14200306
50.17725541	19.12168264
50.1876637	19.12688613
50.18980003	19.12055612
50.17967391	19.10925865
50.18544483	19.13410664
50.19885265	19.12741184
50.19723182	19.11923647
50.15699569	19.11655426
50.17667825	19.10951614
50.17101622	19.11711216
50.16648062	19.11895752
50.16267313	19.11904335
50.20438777	19.12327051
50.20486846	19.13311958
50.2083636	19.11863565
50.20994972	19.13200378
50.20832927	19.11874294
50.2487417	19.11893606
50.24683441	19.13228273
50.2434999	19.13264751
50.23825753	19.13318396
50.23840849	19.14251804
50.24208644	19.13567305
50.24426837	19.13772225
50.24621007	19.12992239
50.24238149	19.13890243
50.25263838	19.12554502
50.23980148	19.14185286
50.24190804	19.12088871
50.24753422	19.13341999
50.25081357	19.12985802
50.25606828	19.13243294
50.23604787	19.12781954
50.24281376	19.13753986
50.24127677	19.1403079
50.24491333	19.12726164
50.22842995	19.14123058
50.20554141	19.0763855
50.19153788	19.11450505
50.19662743	19.11290646
50.18455175	19.10352945
50.20470365	19.10149097
50.20720316	19.09082651
50.18912686	19.10286427
50.20197053	19.10696268
50.54616288	19.3071413
50.54763548	19.29218531
50.57487031	19.33078766
50.57313964	19.31947947
50.5626861	19.30617571
50.56725214	19.31093931
50.55502506	19.298172
50.55010334	19.29611206
50.54763548	19.30207729
50.53004306	19.29521084
50.53650801	19.29079056
50.19335809	18.7546277
50.19997895	18.76310349
50.18365866	18.76353264
50.16395149	18.77529144
50.20153101	18.74617338
50.17585373	18.76645088
50.17252799	18.76494884
50.19771258	18.75078678
50.1699717	18.77353191
50.18168007	18.76550674
50.17589495	18.77155781
50.1678276	18.75864029
50.15863163	18.77728701
50.14507501	18.77694368
50.14974327	18.77961516
50.15509848	18.77537727
50.14651197	18.77834916
50.45018797	19.06726599
50.45004451	19.06733036
50.44892411	19.05381203
50.46468918	19.02975798
50.45023579	18.99012566
50.48001205	19.00574684
50.4766256	19.00454521
50.43175963	19.00244236
50.43279842	18.9926362
50.43799204	18.99918079
50.47599744	19.05033588
50.46842476	19.03468251
50.46145189	19.04280424
50.47896746	19.05323267
50.47312966	19.00454521
50.46780332	19.03883457
50.47151817	19.01484489
50.46776234	19.04567957
50.47129282	19.04726744
50.47739031	19.04145241
50.47897429	19.02557373
50.47875581	19.03269768
50.4370627	19.01390076
50.48312518	19.01503801
50.48469532	19.0253377
50.46086452	19.06810284
50.46758479	19.06861782
50.46873206	19.06170845
50.47010465	19.07347798
50.45660238	19.06788826
50.4611104	19.08050537
50.51118871	19.12011623
50.44794033	19.01250601
50.44530314	19.00308609
50.44863035	19.00233507
50.48459975	19.0568161
50.49213	19.06299
50.49747297	19.07822013
50.48539163	19.11423683
50.49677684	19.08696413
50.49049757	19.10591125
50.49049	19.10591
50.34577535	18.98059845
50.35268996	18.98107052
50.34650109	18.98720741
50.33844889	18.97304535
50.34562473	18.9801693
50.34003753	18.9648056
50.34630939	18.96776676
50.3694246	18.97243381
50.34559734	19.008708
50.34989685	19.01535988
50.34655587	18.99549007
50.33938016	19.01364326
50.34562473	19.01475906
50.34633678	19.00119781
50.35282687	19.00681973
50.3546067	19.01518822
50.36665301	18.98222923
50.35860422	18.98377419
50.36616027	18.99055481
50.39385547	18.96858215
50.39886187	18.97409678
50.41141658	18.94760728
50.40755342	18.94752145
50.41598359	18.96184444
50.36391548	18.99029732
50.36687201	18.99819374
50.36380598	18.99845123
50.39165304	18.96068573
50.38763093	18.95519257
50.39478566	18.96042824
50.38999772	18.95489216
50.37838154	18.93624544
50.38203499	18.93846631
50.38310908	18.93264055
50.38221971	18.94350886
50.39107847	18.94565463
50.40280096	18.94751072
50.37226445	18.91978741
50.36931511	18.94259691
50.37929835	18.94935608
50.3680354	18.94300461
50.37162122	18.95419478
50.37749208	18.94375563
50.37797102	18.94263983
50.37199074	18.92678261
50.37070426	18.94418478
50.38369058	18.95366907
50.37357141	18.94608378
50.22767495	18.5541594
50.20514314	18.57024193
50.21975364	18.55848312
50.21283343	18.56397629
50.21486566	18.56217384
50.22107167	18.55753899
50.18879026	18.5959214
50.19212173	18.59032631
50.19812466	18.57925415
50.18753318	18.61320019
50.243198	18.61534595
50.23719389	18.60954165
50.24691675	18.61706257
50.25115658	18.63806963
50.50840494	19.27928925
50.40955683	19.09732819
50.39850624	19.11595345
50.41212764	19.10496712
50.40704059	19.08951759
50.39664599	19.1065979
50.39347245	19.15019989
50.39467623	19.15629387
50.40600123	19.14496422
50.4056183	19.15268898
50.4126746	19.1272831
50.41579217	19.12487984
50.40999443	19.1348362
50.4056183	19.13629532
50.40299244	19.13221836
50.39546962	19.09638405
50.40315	19.13382
50.40074939	19.12496567
50.41606563	19.11732674
50.38362217	19.17440414
50.38291068	19.18281555
50.4055089	19.08265114
50.3993064	19.07640696
50.40288302	19.08007622
50.36246453	19.0984869
50.36243715	19.09496784
50.36239608	19.10522461
50.37322244	19.10187721
50.37727313	19.09552574
50.36867868	19.09582615
50.36648876	19.10745621
50.38687846	19.15384769
50.39235071	19.13968563
50.38925897	19.14672375
50.38955994	19.13599491
50.36730	19.17788
50.36380598	19.18157101
50.38115928	19.17938232
50.37376985	19.1801548
50.36903453	19.17886734
50.37241499	19.07642841
50.3752752	19.08084869
50.38269176	19.1351366
50.38000989	19.10779953
50.38094035	19.09001112
50.38072142	19.09973145
50.37771102	19.13144588
50.37891521	19.11852837
50.37519309	19.14393425
50.37409829	19.15007114
50.37294873	19.16122913
50.38975147	19.10119057
50.38887591	19.08908844
50.39287055	19.0650773
50.39691956	19.0631032
50.38345798	19.09312248
50.38577025	19.07025933
50.37691734	19.06509876
50.38726154	19.08034444
50.36777535	18.60790014
50.3735372	18.59637737
50.38208972	18.60191345
50.37699945	18.58393192
50.37508361	18.57850313
50.37954465	18.59371662
50.37672576	18.58865261
50.38219918	18.63472223
50.40161106	18.62970114
50.38400528	18.6196804
50.39738463	18.64521503
50.4027189	18.63221169
50.39068174	18.62015247
50.38613966	18.61186981
50.39841734	18.62989426
50.39375288	18.63070965
50.41416	18.61571
50.381344	18.63229752
50.39173512	18.62536669
50.40452421	18.62289906
50.39023713	18.62952948
50.38174765	18.62920761
50.40198035	18.62354279
50.40058526	18.63461494
50.42528033	18.64673853
50.39992	18.896706
50.40969358	18.91498089
50.40466097	18.90184879
50.41037732	18.89446735
50.4039498	18.90695572
50.40769701	18.90781403
50.39951841	18.9028573
50.39960732	18.90150011
50.40665767	18.90995979
50.39565428	18.89873743
50.37546678	18.91008854
50.39564744	18.89914513
50.37965412	18.90390873
50.38745308	18.89895201
50.38540085	18.89210701
50.37245605	18.91442299
50.26706975	18.83103848
50.26465568	18.80842209
50.27193866	18.84565115
50.27882973	18.82991195
50.26671313	18.83569479
50.26476541	18.82249832
50.27126665	18.8319397
50.26964828	18.84148836
50.2757923	18.83065224
50.27586772	18.85475993
50.27206209	18.89159203
50.27069062	18.8818717
50.26506718	18.88674259
50.26792013	18.89548659
50.26578729	18.8996172
50.27383124	18.89063716
50.27506548	18.89490724
50.26405214	18.89464974
50.26342116	18.90030384
50.30249859	18.88163567
50.30338261	18.87855649
50.3034854	18.88436079
50.30491074	18.88498306
50.30070311	18.88249397
50.30040842	18.88105631
50.30151862	18.87559533
50.31814113	18.88836265
50.3149966	18.8779664
50.32321717	18.89049768
50.31435259	18.88715029
50.25315974	18.85129452
50.23693998	18.84953499
50.2424158	18.82990122
50.24177081	18.84884834
50.25090961	18.83773327
50.24026123	18.85537148
50.24498194	18.84339809
50.23761935	18.84203553
50.24277946	18.83829117
50.23691253	18.86450171
50.25466891	18.8394928
50.23973286	18.87340665
50.24602482	18.83689642
50.24148262	18.88343811
50.2446526	18.82457972
50.23986324	18.8379693
50.23538907	18.86337519
50.2593196	18.83907437
50.23839477	18.83548021
50.23278124	18.86318207
50.24967474	18.84824753
50.23812715	18.86974812
50.24891322	18.903898
50.24300588	18.90379071
50.25047741	18.91905785
50.25457287	18.88968229
50.27114321	18.90753508
50.24673836	18.92449737
50.25415442	18.90077591
50.26023871	18.90184879
50.2548747	18.91251326
50.23424988	18.913908
50.24924939	18.89337301
50.23861436	18.90828609
50.25627407	18.92538786
50.25433278	18.91843557
50.2584039	18.9349848
50.25276186	18.90125871
50.25176028	18.91159058
50.25599968	18.88089538
50.25145843	18.93043041
50.26513576	18.9037478
50.32677213	18.86107922
50.28343007	18.8737607
50.27968676	18.89733195
50.27937137	18.86019945
50.28938724	18.87485504
50.29441837	18.87569189
50.28138705	18.88446808
50.28388254	18.87629271
50.28565124	18.87575626
50.28146933	18.86378288
50.3197099	18.88041258
50.32258698	18.87318134
50.32006612	18.86434078
50.31905226	18.87125015
50.32064155	18.88841629
50.28580206	18.85592937
50.3138182	18.84550095
50.31255755	18.85163784
50.2990035	18.84373069
50.31750402	18.85582209
50.30692534	18.85485649
50.31579131	18.85725975
50.32283358	18.8568306
50.29964771	18.85326862
50.32801185	18.85611176
50.31447591	18.84580135
50.31695596	18.83738995
50.31881249	18.84944916
50.28327925	18.85326862
50.30213539	18.86797786
50.31112558	18.85193825
50.30655532	18.85416985
50.29570006	18.85434151
50.27172609	18.88191462
50.27540146	18.87022018
50.27365295	18.8634181
50.25829759	18.87012362
50.27128036	18.87294531
50.27645054	18.86161566
50.25914127	18.85970592
50.26608905	18.86185169
50.26995687	18.86459827
50.34578905	18.53256226
50.34091399	18.53934288
50.34699404	18.52612495
50.14701387	18.60817909
50.14445621	18.61264229
50.1490214	18.60491753
50.32814884	19.02385712
50.32935428	19.04184937
50.32251163	19.0430671
50.32234038	19.04574394
50.32694337	19.03458595
50.32634062	19.02162552
50.3027453	19.00628328
50.30281382	19.00963068
50.30386915	19.00458813
50.29778358	19.00377274
50.30663755	19.01027441
50.30765168	19.00351524
50.32476522	19.00304317
50.32203898	18.99742126
50.32746392	18.99759293
50.3310802	18.99755001
50.32023053	18.99947047
50.32044974	19.01199102
50.31879879	19.00339723
50.31409225	19.00385857
50.31954549	18.99845123
50.3305049	19.01081085
50.31861383	19.01021004
50.29347935	19.01952267
50.29556298	19.02033806
50.29535	19.01997
50.34137961	19.05336142
50.33661367	19.05107617
50.34615192	19.05299664
50.33201162	19.04987454
50.31009097	19.04263258
50.31135854	19.0383625
50.30913171	19.03153896
50.28429387	19.03149605
50.28157902	19.03844833
50.28267595	19.04544353
50.29590567	19.0331912
50.2991063	19.03314829
50.28002956	19.04368401
50.29903091	19.02380347
50.28662469	19.03291225
50.2940551	19.04582977
50.29029891	19.03634548
50.30162827	19.01806355
50.30214224	19.0120554
50.30189554	19.0326333
50.31225609	19.01222706
50.2954259	19.02503729
50.29018924	19.05192375
50.3087206	19.01930809
50.29876363	19.02720451
50.30600714	19.02557373
50.29846893	19.04072285
50.29721473	19.04243946
50.29988072	19.03733253
50.2916424	19.0439415
50.31957289	19.02265549
50.30689794	19.03267622
50.30445162	19.0277195
50.31126947	19.02353525
50.30105947	18.99995327
50.30293032	18.99914861
50.3050752	18.99645567
50.50693112	19.18616295
50.50240018	19.16942596
50.50594854	19.17225838
50.50551183	19.20719147
50.50638524	19.19706345
50.49928832	19.1843605
50.44329441	19.20272827
50.49377381	19.260149
50.51790183	19.21663284
50.51582796	19.23036575
50.50654901	19.21637535
50.50933289	19.21654701
50.43750004	19.28933144
50.44045198	19.27529812
50.44192788	19.25916195
50.4423925	19.25195217
50.44118993	19.2674017
50.42995536	19.20015335
50.51195286	19.2830658
50.44384101	19.21955109
50.40777907	19.2240572
50.41029527	19.23963547
50.40939273	19.23154593
50.49967049	19.22109604
50.50409251	19.21740532
50.49109823	19.23139572
50.49754122	19.19131279
50.49623085	19.19766426
50.45441653	19.22989368
50.4488148	19.22753334
50.40167945	19.17985439
50.40296508	19.19242859
50.51784726	19.29087639
50.52166731	19.29611206
50.42093296	19.2005825
50.50660359	19.23010826
50.49972508	19.23027992
50.47616131	19.2281127
50.4713816	19.22856331
50.40694486	19.21229839
50.41360442	19.21774864
50.40797052	19.21216965
50.4038951	19.21963692
50.48946004	19.2525959
50.48615619	19.24847603
50.48326172	19.2450428
50.41923766	19.21830654
50.41539565	19.21596766
50.42798698	19.21096802
50.42645597	19.22319889
50.42858844	19.20431614
50.42782	19.21362
50.46269493	19.20856476
50.47336865	19.23341274
50.46895058	19.23871279
50.41573	19.20440
50.4784281	19.23431396
50.47949317	19.24075127
50.46840427	19.23701763
50.46635554	19.2299366
50.46539944	19.23894882
50.45903403	19.24710274
50.45344652	19.24725294
50.45274974	19.25182343
50.44662859	19.25208092
50.45050905	19.23723221
50.43274375	19.19388771
50.43588733	19.1899395
50.43989167	19.1970849
50.40835343	19.17989731
50.41169007	19.20365095
50.41130718	19.20457363
50.41409667	19.20229912
50.51047914	19.26941872
50.50564831	19.25422668
50.51233492	19.25740242
50.51228034	19.26227331
50.2672892	19.33104515
50.26855105	19.32108879
50.27963191	19.36366081
50.28777634	19.31426525
50.28467778	19.3216145
50.29723529	19.31490898
50.28020097	19.37955022
50.2780961	19.3776083
50.28338208	19.34861898
50.28460923	19.34098005
50.2844447	19.34544325
50.29427443	19.37638521
50.29795492	19.370538
50.28906506	19.35801744
50.29120371	19.38185692
50.29979848	19.40096498
50.29443893	19.3857193
50.2935479	19.36660051
50.29583713	19.38220024
50.29834214	19.38928127
50.29662532	19.379282
50.30049751	19.3823719
50.30064828	19.38544035
50.30192295	19.38230753
50.30278984	19.37194347
50.28809167	19.37797308
50.30518484	19.39940929
50.25112914	19.17144299
50.2532695	19.18122768
50.25993692	19.18693542
50.26907224	19.16880369
50.26630165	19.17642117
50.26808	19.18016
50.27243239	19.17738676
50.26918	19.18378
50.26517691	19.15989876
50.26207688	19.1731596
50.25995063	19.17571306
50.26372294	19.18184996
50.26898994	19.17560577
50.26416188	19.18618441
50.26569813	19.1678381
50.25833188	19.14932013
50.26824931	19.15646553
50.26657597	19.1513586
50.26990887	19.16215181
50.26742636	19.1477108
50.26368179	19.14871931
50.27074548	19.15919065
50.29796177	19.25145864
50.2984141	19.2511797
50.22878685	19.17140007
50.23419498	19.16182995
50.30578786	19.16633606
50.30688423	19.17341709
50.30825466	19.17809486
50.3042529	19.17157173
50.29183432	19.25195217
50.29282135	19.23800468
50.29063479	19.23201799
50.29526141	19.24439907
50.27705392	19.18590546
50.27032032	19.2040801
50.27320039	19.19013262
50.27581972	19.19500351
50.27381752	19.18363094
50.27516148	19.19897318
50.27442093	19.2044878
50.27599114	19.19208527
50.2757443	19.29268956
50.26944941	19.28213239
50.27141751	19.28907394
50.28848925	19.14904118
50.29128597	19.14766788
50.29465826	19.14552212
50.25955281	19.26996589
50.264059	19.26725149
50.26435	19.27057
50.26299593	19.27245498
50.28696744	19.10282135
50.28910619	19.08215761
50.29167667	19.07289863
50.2931435	19.10326123
50.28907877	19.0782094
50.28990134	19.09438848
50.28515766	19.0972209
50.28931183	19.08739328
50.24087193	19.14789319
50.2415924	19.14893389
50.24808308	19.1535902
50.25664448	19.16942596
50.24284121	19.1594696
50.25298138	19.15127277
50.24979823	19.16857839
50.237736	19.15710926
50.25071752	19.16513443
50.24358224	19.17107821
50.24252558	19.16723728
50.24244324	19.17292356
50.24470749	19.1773653
50.24605227	19.18530464
50.24835751	19.19182777
50.24863193	19.19787884
50.26786527	19.12530899
50.27228838	19.11983728
50.26521806	19.13015842
50.28502741	19.25011754
50.28257311	19.26235914
50.27938508	19.26109314
50.28016669	19.27079201
50.29001102	19.25941944
50.2845818	19.26679015
50.29140935	19.26838875
50.28841385	19.260149
50.2981194	19.13437486
50.28684405	19.12260532
50.2938906	19.13985729
50.2869743	19.12165046
50.29129968	19.13290501
50.29003843	19.13273335
50.28747472	19.1337204
50.28629564	19.13213253
50.29557669	19.13376331
50.29537792	19.13012624
50.2729741	19.21711564
50.28859893	19.21165466
50.27270667	19.22390699
50.2766151	19.21989441
50.27248039	19.2356658
50.27089635	19.23251152
50.27790412	19.24629807
50.27963191	19.22251225
50.27317982	19.21206236
50.2877215	19.22210455
50.27678651	19.24180269
50.28968199	19.11779881
50.29509691	19.12133932
50.29187545	19.10840034
50.28894167	19.1119194
50.29707766	19.11577106
50.28892797	19.1591692
50.28396481	19.15517807
50.2867138	19.14402008
50.2802901	19.15144444
50.27779442	19.14779663
50.28613111	19.14891243
50.28395795	19.13902044
50.28135963	19.14810777
50.28028324	19.13992167
50.27830179	19.1470027
50.27896	19.11591053
50.27883659	19.12964344
50.27409866	19.11408663
50.27465407	19.12201524
50.27804125	19.12685394
50.28336837	19.10583615
50.28122251	19.13449287
50.26680914	19.13608074
50.26984029	19.12844181
50.26691887	19.13573742
50.27184266	19.12859201
50.27583344	19.13254023
50.27963191	19.11182284
50.27266553	19.15286064
50.27335124	19.13535118
50.26364064	19.13878441
50.27335124	19.14582253
50.27346096	19.14133787
50.27395466	19.13084507
50.27673852	19.11912918
50.30537671	19.123528
50.27325524	19.12539482
50.27786298	19.13464308
50.27425637	19.12848473
50.28061919	19.10887241
50.26080114	19.28378463
50.2609246	19.29104805
50.30175848	19.15970564
50.29520658	19.14354801
50.30855615	19.15629387
50.29894182	19.14509296
50.30241636	19.14539337
50.30047695	19.15758133
50.29918169	19.16599274
50.29855	19.14243
50.29031262	19.15848255
50.30016856	19.15765643
50.29541219	19.15906191
50.29946953	19.14723873
50.28774892	19.19466019
50.30362245	19.18830872
50.30502038	19.18453217
50.30337575	19.18899536
50.27956335	19.17485476
50.31401003	19.19551849
50.28327925	19.18650627
50.29197141	19.20431614
50.3037321	19.19787884
50.29792065	19.20006752
50.29482275	19.19131279
50.29619353	19.18410301
50.2984141	19.17637825
50.2901344	19.18080926
50.28519879	19.17809486
50.28709084	19.16908264
50.30655532	19.19019699
50.30167624	19.18726802
50.29050455	19.20619369
50.45102825	18.98014784
50.43717203	18.9074707
50.44017182	18.89986932
50.44990788	18.89837265
50.44977124	18.89167786
50.45269509	18.92540932
50.45056371	18.91562462
50.44985322	18.90644073
50.42995536	18.92352104
50.41527259	18.92068863
50.43687819	18.92669678
50.42262821	18.92214775
50.45147229	18.96801353
50.449416	18.9648056
50.44061597	18.93751144
50.44183222	18.93141747
50.43963201	18.94291878
50.43487594	18.94729614
50.44794033	18.93648148
50.42328	18.94798
50.43875737	18.93231869
50.4384567	18.94815445
50.31596944	18.91551733
50.3128042	18.9247334
50.31422927	18.91311407
50.31092688	18.91180515
50.31553098	18.9266324
50.30809706	18.90479922
50.30737074	18.90419841
50.30792576	18.90008926
50.30687738	18.89897346
50.30798058	18.90309334
50.30615104	18.89227867
50.30175162	18.91186953
50.29896238	18.91596794
50.29877048	18.91772747
50.30493815	18.91918659
50.30245062	18.91456246
50.30597973	18.91307116
50.29215648	18.91580701
50.28974368	18.9187789
50.28448583	18.93432498
50.29113517	18.91694427
50.28622709	18.92802715
50.29624836	18.9172554
50.28825619	18.92393947
50.27642311	18.90423059
50.27791098	18.92264128
50.27695107	18.90997052
50.28292276	18.9254415
50.28347121	18.91927242
50.27453064	18.92359614
50.28349177	18.91232014
50.2796182	18.90225649
50.28263482	18.90656948
50.42493857	18.86794567
50.42856793	18.87291312
50.42402264	18.86155128
50.42568019	18.87568653
50.42117905	18.8771081
50.42143198	18.88171077
50.4591843	18.86631489
50.45231254	18.87966156
50.45056371	18.87043476
50.446164	18.88519764
50.46225782	18.89113605
50.47394905	18.90712738
50.45693025	18.81580353
50.464529	18.811403
50.45229888	18.81931186
50.45529088	18.81859303
50.49112553	18.81138325
50.49527535	18.81550312
50.49488632	18.82227302
50.48772623	18.81322861
50.432033	19.049263
50.4658092	18.84086609
50.46957883	18.82627487
50.41880015	18.82827044
50.41691335	18.82005215
50.41338564	18.82202625
50.42752221	18.83758307
50.42068688	18.81807804
50.46305008	18.78945351
50.46722968	18.79177094
50.47187325	18.79511833
50.4640472	18.85777473
50.46176607	18.85582209
50.44764314	18.81866813
50.44239934	18.81915092
50.44736645	18.82673621
50.44357113	18.82460117
50.43099761	18.80476892
50.43832004	18.8041091
50.44254282	18.83151054
50.43894186	18.8058579
50.46296812	18.82185459
50.47401733	18.79930258
50.45707711	18.83186996
50.47244683	18.81481647
50.4732116	18.80962372
50.47430411	18.79747868
50.48044899	18.79627705
50.47590185	18.80428076
50.46929885	18.80873322
50.46485309	18.81670475
50.48689343	18.78280163
50.47979358	18.7919426
50.48738492	18.78679276
50.47048022	18.80297184
50.48142527	18.80166292
50.44375902	18.86065006
50.44805306	18.86385798
50.44109427	18.85058641
50.45471709	18.83678913
50.45564608	18.85416985
50.43247038	18.84262562
50.42515046	18.85052741
50.44936476	18.8597703
50.44231051	18.83730412
50.45120586	18.85737777
50.4422866	18.87986541
50.43336565	18.86497378
50.43404221	18.86700153
50.43443174	18.86708736
50.4528932	18.83957863
50.43909219	18.83751869
50.44675156	18.85414839
50.44942283	18.86065006
50.44246425	18.86787057
50.4547854	18.83324862
50.44221485	18.84962082
50.41606563	18.61530304
50.51655792	18.77431512
50.50627607	18.76670837
50.51068383	18.78031254
50.50926466	18.77469063
50.5115435	18.77690077
50.51953904	18.72323513
50.52161274	18.7237072
50.51102497	18.7357235
50.51429979	18.73520851
50.52090333	18.73297691
50.51844757	18.73520851
50.50840494	18.75735283
50.50919642	18.76726627
50.5158689	18.76149416
50.50960581	18.75031471
50.50774992	18.74937057
50.51094309	18.77309203
50.47088994	18.6789465
50.51986647	18.77863884
50.55128951	18.70113373
50.54897169	18.70229244
50.53798092	18.8285923
50.52957248	18.75275016
50.5298521	18.74718189
50.53092966	18.73997211
50.55548858	18.6954689
50.48469873	18.71163726
50.47515078	18.72319221
50.48817675	18.7024641
50.51691949	18.65598679
50.51762896	18.66371155
50.53268916	18.71383667
50.52960658	18.71387959
50.55788787	18.69134903
50.53215041	18.7220335
50.53368482	18.72505903
50.53250503	18.72294545
50.53206175	18.72829914
50.52906097	18.71134758
50.53194922	18.71867001
50.4857193	18.66096497
50.48855901	18.65480661
50.48735762	18.6728096
50.48454514	18.66645813
50.13595719	18.99341941
50.16037749	19.0114975
50.15542156	19.00787115
50.14623696	18.99965286
50.12489	18.98095
50.12374236	18.98641348
50.13111564	18.99094105
50.16942194	19.01890039
50.14077	18.99584
50.11045106	18.98357034
50.1207088	18.97583485
50.11094646	18.97439718
50.1122606	18.96969795
50.11413	18.98770
50.10979053	18.9801693
50.11554237	18.96944046
50.12555827	18.98797989
50.12156	18.98694
50.49431983	18.5874939
50.53327565	18.64491463
50.5301249	18.64173889
50.48522779	18.57273102
50.48814	18.56964
50.52726	18.62435
50.52586901	18.60594749
50.52745138	18.57144356
50.52551	18.56796
50.53929013	18.58474731
50.53907193	18.60405922
50.54267	18.59830
50.4766256	18.6079216
50.46318	18.61049
50.51053372	18.53831291
50.51229399	18.53854895
50.50559	18.60781
50.49606705	18.64053726
50.50997	18.61701
50.51103	18.61528
50.51177547	18.62410069
50.50847318	18.61824274
50.49541185	18.55809689
50.49467	18.56389
50.48532	18.56084
50.44045198	18.61118317
50.45214859	18.61049652
50.36854	19.07011
50.37100	19.07411
50.36900716	18.99862289
50.3681449	19.00875092
50.36928089	18.99098396
50.37114222	19.0621376
50.36049335	19.04080868
50.36123255	19.0509367
50.36849	19.047526
50.364278	19.054756
50.36958199	19.06321049
50.36014085	19.05544817
50.37110116	19.03662443
50.35627694	19.06376839
50.35961724	19.04952049
50.36275198	19.04488564
50.36501051	19.03629184
50.36651614	19.05926228
50.36635189	19.02926445
50.37060	19.01844
50.3675153	19.01634693
50.38195289	19.02141094
50.372732	19.019497
50.379592	19.020983
50.37263396	19.01495218
50.37699945	19.01596069
50.31807263	18.81026745
50.34184522	18.81202698
50.34359807	18.82884979
50.3197373	18.82172585
50.31799042	18.81569624
50.31831925	18.80285382
50.33729846	18.82558823
50.32984056	18.84104848
50.34277643	18.82009506
50.32116216	18.82614613
50.32506661	18.83010507
50.32834062	18.83481503
50.35236136	18.76893997
50.35636935	18.75498712
50.35971649	18.76867712
50.36509264	18.77473354
50.37998252	18.81215572
50.37881942	18.80960226
50.37571311	18.80575061
50.2740918	18.79520416
50.26879793	18.79220009
50.27815095	18.79683495
50.26794756	18.79627705
50.31946329	18.74258995
50.30542468	18.73400688
50.30548635	18.74037981
50.31903171	18.75441313
50.31124206	18.74284744
50.27688936	18.78340244
50.27211695	18.7765789
50.26696002	18.7670517
50.25949794	18.7592411
50.27112264	18.77509832
50.26210431	18.76052856
50.26407958	18.76107574
50.26909967	18.77170801
50.26221405	18.75821114
50.33102541	18.77574205
50.32971043	18.78868103
50.33277866	18.77990484
50.34392673	18.77949715
50.34135222	18.78554821
50.35082791	18.79014015
50.34047576	18.79966736
50.34595337	18.77022743
50.33265538	18.77972245
50.32931	18.78392
50.33458663	18.76833916
50.34422799	18.77050102
50.33953081	18.77942204
50.34020186	18.7928009
50.33670954	18.78275871
50.32480632	18.77190113
50.32836801	18.77717972
50.32324457	18.76838207
50.28094827	18.81494522
50.27620	18.80747
50.28135963	18.82485867
50.29863341	18.82266998
50.29842781	18.83560896
50.29986702	18.8322401
50.29964771	18.81756306
50.30170365	18.84133816
50.30293718	18.83464336
50.36930826	18.7863636
50.35760487	18.79591227
50.36444931	18.78619194
50.36919877	18.78488302
50.3653048	18.79009724
50.36381966	18.80102992
50.36703625	18.79290819
50.36120517	18.81644726
50.37116959	18.80228519
50.29397285	18.81056786
50.30141583	18.8130784
50.29580	18.82631
50.29434297	18.8243866
50.28763924	18.81709099
50.30099094	18.8011694
50.29608387	18.8280344
50.29570006	18.80550385
50.29334227	18.81533146
50.31932628	18.77439022
50.31077615	18.77239466
50.313997	18.77449
50.29260887	18.77303839
50.30576045	18.76580715
50.30651421	18.77636433
50.31144761	18.76754522
50.31625718	18.78481865
50.30556858	18.7827158
50.31173537	18.76250267
50.31187925	18.79769325
50.29295843	18.7891531
50.29486388	18.78876686
50.30729536	18.78202915
50.31523638	18.79581571
50.30211483	18.77838135
50.29571376	18.7719655
50.31570225	18.76740575
50.29300641	18.78295183
50.32021683	18.78552675
50.31773695	18.7768364
50.28231945	18.7885952
50.29293102	18.75829697
50.28706341	18.79331589
50.30247803	18.78836453
50.30578786	18.76112938
50.3102006	18.78597736
50.30731592	18.78576279
50.31066652	18.78934622
50.32530634	18.78942132
50.29747517	18.78090262
50.30913171	18.78589153
50.32432684	18.78575206
50.29827704	18.78685713
50.29834557	18.79963517
50.29147789	18.79142761
50.30567822	18.75360847
50.29502152	18.76514196
50.30635661	18.79001141
50.28977796	18.77580643
50.30033304	18.78638506
50.29394544	18.7885952
50.30249859	18.79237175
50.30899468	18.76632214
50.29949694	18.76306057
50.39194032	18.72662544
50.39439581	18.71298909
50.34791488	18.73533726
50.3544561	18.74982119
50.41360442	18.6783886
50.47050754	18.67866755
50.41357708	18.66341114
50.40337539	18.71413708
50.40384381	18.72339606
50.41051406	18.70911598
50.40224705	18.71294081
50.39787363	18.71215761
50.39270639	18.6879158
50.39451208	18.67802382
50.39516868	18.68495464
50.46119236	18.66845369
50.45356948	18.6602354
50.45384272	18.64577293
50.45014015	18.6503005
50.44340373	18.70001793
50.44418264	18.70418072
50.33109047	18.7089175
50.44460625	18.78061295
50.44966194	18.78237247
50.43114796	18.7789607
50.43613334	18.65135193
50.43143158	18.64989281
50.44702485	18.65392685
50.44067063	18.6521244
50.41650316	18.70465279
50.41800374	18.69522214
50.44794033	18.7631464
50.45168406	18.77808094
50.4641155	18.74147415
50.46078256	18.76336098
50.46056399	18.75546455
50.45968974	18.74962807
50.45662971	18.75932693
50.45307764	18.76327515
50.46149287	18.77451897
50.36123255	18.68216515
50.36538008	18.68154287
50.36900716	18.68860245
50.35553766	18.68607044
50.36810384	18.68087769
50.41972985	18.77923965
50.41661254	18.78559113
50.41620236	18.77872467
50.33929115	18.71659398
50.35850497	18.74248803
50.36487363	18.72988701
50.36686516	18.71891677
50.3637786	18.73662472
50.38099509	18.77233028
50.38256862	18.75516415
50.3818708	18.74653816
50.38020146	18.73941422
50.40282832	18.75597954
50.38403948	18.75472426
50.38364954	18.75958443
50.3866664	18.79214644
50.38050249	18.76774907
50.38635856	18.75173092
50.37357	18.78117
50.38252	18.76546
50.37331	18.78134
50.43580532	18.75872612
50.44165457	18.72662544
50.43864804	18.74533653
50.39412906	18.66250992
50.41472565	18.74168873
50.42809634	18.77134323
50.4223001	18.76293182
50.4158537	18.75283062
50.41491708	18.7667942
50.42842441	18.77057076
50.41532728	18.74743938
50.41756963	18.76207352
50.41275665	18.73585224
50.37995516	18.7152797
50.37001996	18.70465279
50.36859656	18.71229172
50.2740438	18.92540932
50.28710455	18.93932462
50.31491438	19.08174992
50.31786026	19.07625675
50.31875084	19.07290936
50.28714568	18.9692688
50.30229301	18.7872541
50.30342715	18.79066586
50.43946802	18.94635201
50.43684403	18.91300678
50.26480656	19.009974
50.27880916	19.09496784
50.26462139	19.1042161
50.12822699	18.66714478
50.29633061	19.17311668
50.29408252	19.18165684
50.12077071	19.13346291
50.12052307	19.12552357
50.1418159	19.12964344
50.13813022	19.13262606
50.13612223	19.13876295
50.1322573	19.14919138
50.13110189	19.15489912
50.13584716	19.15633678
50.14071572	19.15464163
50.14170588	19.14344072
50.14264101	19.13170338
50.15229377	19.12972927
50.15306371	19.12462234
50.12277934	19.12022352
50.12786934	19.11174774
50.12854338	19.10464525
50.13057919	19.09629822
50.13551707	19.08973217
50.13821274	19.08428192
50.1395055	19.09116983
50.13491189	19.09973145
50.28075631	18.80743504
50.28071517	18.80104065
0	0
50.26059538	19.02256966
50.30723369	18.6549139
50.304527	18.65869045
50.24070	19.17805
50.23785	19.17747
50.23591	19.16196
50.24113953	19.03085232
50.23676	19.16792
50.31693541	19.0730381
50.39823268	18.91453028
50.39169408	18.89043331
50.33703824	19.19471383
50.24133	19.03196
50.26814644	19.05105472
50.27659453	19.2931509
50.28832474	19.2153883
50.25864741	19.04428482
50.39893026	18.90498161
50.39986035	18.90251398
50.25631522	19.01606798
50.24300588	19.05158043
50.24579	19.02665
50.25833188	19.02113199
50.2687705	18.99046898
50.24413115	19.04707432
50.28381	18.97379
50.35104697	19.11140442
50.22162083	18.63796234
0	0
50.31159834	19.26821709
50.21254507	18.95634055
50.24133	19.03196
50.27376266	19.20530319
50.26027	18.75887
50.26027	18.75887
50.24133	19.03196
50.29598	18.95169
50.29298	18.95728
50.26113037	19.02544498
50.11427	19.20058
50.28667	18.98220
50.50723	18.60948
