P 0 1 0 688
P 1 1 100 677
P 2 1 200 645
P 3 1 300 595
P 4 1 400 512
P 5 1 500 432
P 6 1 600 392
P 7 1 700 367
P 8 1 800 353
P 9 1 900 302
P 10 1 1000 244
P 11 1 1100 192
P 12 1 1200 179
P 13 1 1300 221
P 14 1 1400 305
P 15 1 1500 320
P 16 1 1600 315
P 17 1 1700 291
P 18 1 1800 286
P 19 1 1900 287
P 20 1 2000 296
P 21 1 2100 287
P 22 1 2200 226
P 23 1 2300 176
P 24 1 2400 204
P 25 1 2500 253
P 26 1 2600 282
P 27 1 2700 340
P 28 1 2800 344
P 29 1 2900 351
P 30 1 3000 352
P 31 1 3100 375
P 32 1 3200 383
P 33 1 3300 371
P 34 1 3400 322
P 35 1 3500 263
P 36 1 3600 193
P 37 1 3700 148
P 38 1 3800 115
P 39 1 3900 95
P 40 1 4000 70
P 41 1 4100 42
P 42 1 4200 44
P 43 1 4300 66
P 44 1 4400 83
P 45 1 4500 124
P 46 1 4600 170
P 47 1 4700 206
P 48 1 4800 258
P 49 1 4900 289
P 50 1 5000 333
P 51 1 5100 400
P 52 1 5200 424
P 53 1 5300 443
P 54 1 5400 451
P 55 1 5500 428
P 56 1 5600 403
P 57 1 5700 371
P 58 1 5800 352
P 59 1 5900 302
P 60 1 6000 235
P 61 1 6100 187
P 62 1 6200 149
P 63 1 6300 116
P 64 1 6400 114
P 65 1 6500 140
P 66 1 6600 170
P 67 1 6700 186
P 68 1 6800 233
P 69 1 6900 292
P 70 1 7000 332
P 71 1 7100 331
P 72 1 7200 322
P 73 1 7300 332
P 74 1 7400 333
P 75 1 7500 331
P 76 1 7600 328
P 77 1 7700 374
P 78 1 7800 491
P 79 1 7900 599
P 80 1 8000 672
P 81 1 8100 695
P 82 1 8200 749
P 83 1 8300 785
P 84 1 8400 813
P 85 1 8500 837
P 86 1 8600 817
P 87 1 8700 719
P 88 1 8800 605
P 89 1 8900 509
P 90 1 9000 441
P 91 1 9100 425
P 92 1 9200 391
P 93 1 9300 348
P 94 1 9400 327
P 95 1 9500 291
P 96 1 9600 273
P 97 1 9700 265
P 98 1 9800 252
P 99 1 9900 222
P 100 1 10000 180
P 101 1 10100 170
P 102 1 10200 155
P 103 1 10300 152
P 104 1 10400 131
P 105 1 10500 110
P 106 1 10600 95
P 107 1 10700 84
P 108 1 10800 69
P 109 1 10900 54
P 110 1 11000 50
P 111 1 11100 49
P 112 1 11200 42
P 113 1 11300 32
P 114 1 11400 26
P 115 1 11500 22
P 116 1 11600 20
P 117 1 11700 17
P 118 1 11800 16
P 119 1 11900 14
P 120 1 12000 13
P 121 1 12100 15
P 122 1 12200 20
P 123 1 12300 27
P 124 1 12400 36
P 125 1 12500 41
P 126 1 12600 44
P 127 1 12700 45
P 128 1 12800 45
P 129 1 12900 41
P 130 1 13000 35
P 131 1 13100 30
P 132 1 13200 26
P 133 1 13300 22
P 134 1 13400 19
P 135 1 13500 16
P 136 1 13600 14
P 137 1 13700 12
P 138 1 13800 12
P 139 1 13900 18
P 140 1 14000 27
P 141 1 14100 34
P 142 1 14200 35
P 143 1 14300 33
P 144 1 14400 30
P 145 1 14500 30
P 146 1 14600 30
P 147 1 14700 30
P 148 1 14800 32
P 149 1 14900 38
P 150 1 15000 43
P 151 1 15100 46
P 152 1 15200 50
P 153 1 15300 57
P 154 1 15400 83
P 155 1 15500 138
P 156 1 15600 213
P 157 1 15700 316
P 158 1 15800 425
P 159 1 15900 532
P 160 1 16000 613
P 161 1 16100 669
P 162 1 16200 734
P 163 1 16300 736
P 164 1 16400 674
P 165 1 16500 588
P 166 1 16600 525
P 167 1 16700 497
P 168 1 16800 489
P 169 1 16900 482
P 170 1 17000 512
P 171 1 17100 512
P 172 1 17200 488
P 173 1 17300 488
P 174 1 17400 482
P 175 1 17500 480
P 176 1 17600 486
P 177 1 17700 501
P 178 1 17800 489
P 179 1 17900 446
P 180 1 18000 456
P 181 1 18100 503
P 182 1 18200 546
P 183 1 18300 560
P 184 1 18400 550
P 185 1 18500 501
P 186 1 18600 429
P 187 1 18700 371
P 188 1 18800 329
P 189 1 18900 305
P 190 1 19000 308
P 191 1 19100 296
P 192 1 19200 262
P 193 1 19300 238
P 194 1 19400 228
P 195 1 19500 218
P 196 1 19600 214
P 197 1 19700 202
P 198 1 19800 203
P 199 1 19900 204
P 200 1 20000 201
P 201 1 20100 199
P 202 1 20200 182
P 203 1 20300 156
P 204 1 20400 126
P 205 1 20500 108
P 206 1 20600 85
P 207 1 20700 59
P 208 1 20800 37
P 209 1 20900 20
P 210 1 21000 8
P 211 1 21100 4
P 212 1 21200 4
P 213 1 21300 4
P 214 1 21400 4
P 215 1 21500 3
P 216 1 21600 3
P 217 1 21700 3
P 218 1 21800 2
P 219 1 21900 2
P 220 1 22000 1
P 221 1 22100 1
P 222 1 22200 1
P 223 1 22300 1
P 224 1 22400 8
P 225 1 22500 20
P 226 1 22600 31
P 227 1 22700 32
P 228 1 22800 33
P 229 1 22900 33
P 230 1 23000 33
P 231 1 23100 34
P 232 1 23200 55
P 233 1 23300 78
P 234 1 23400 102
P 235 1 23500 138
P 236 1 23600 184
P 237 1 23700 231
P 238 1 23800 272
P 239 1 23900 294
P 240 1 24000 315
P 241 1 24100 327
P 242 1 24200 336
P 243 1 24300 347
P 244 1 24400 346
P 245 1 24500 332
P 246 1 24600 295
P 247 1 24700 267
P 248 1 24800 242
P 249 1 24900 227
P 250 1 25000 218
P 251 1 25100 194
P 252 1 25200 174
P 253 1 25300 175
P 254 1 25400 186
P 255 1 25500 197
P 256 1 25600 207
P 257 1 25700 224
P 258 1 25800 238
P 259 1 25900 249
P 260 1 26000 262
P 261 1 26100 251
P 262 1 26200 233
P 263 1 26300 218
P 264 1 26400 214
P 265 1 26500 211
P 266 1 26600 197
P 267 1 26700 176
P 268 1 26800 146
P 269 1 26900 123
P 270 1 27000 111
P 271 1 27100 100
P 272 1 27200 87
P 273 1 27300 70
P 274 1 27400 53
P 275 1 27500 42
P 276 1 27600 39
P 277 1 27700 35
P 278 1 27800 31
P 279 1 27900 28
P 280 1 28000 27
P 281 1 28100 26
P 282 1 28200 25
P 283 1 28300 26
P 284 1 28400 26
P 285 1 28500 25
P 286 1 28600 25
P 287 1 28700 25
P 288 1 28800 24
P 289 1 28900 23
P 290 1 29000 23
P 291 1 29100 22
P 292 1 29200 21
P 293 1 29300 20
P 294 1 29400 19
P 295 1 29500 26
P 296 1 29600 37
P 297 1 29700 47
P 298 1 29800 54
P 299 1 29900 60
P 300 1 30000 61
P 301 1 30100 59
P 302 1 30200 54
P 303 1 30300 48
P 304 1 30400 40
P 305 1 30500 32
P 306 1 30600 28
P 307 1 30700 25
P 308 1 30800 21
P 309 1 30900 17
P 310 1 31000 14
P 311 1 31100 15
P 312 1 31200 16
P 313 1 31300 18
P 314 1 31400 19
P 315 1 31500 21
P 316 1 31600 25
P 317 1 31700 31
P 318 1 31800 66
P 319 1 31900 116
P 320 1 32000 147
P 321 1 32100 160
P 322 1 32200 178
P 323 1 32300 188
P 324 1 32400 192
P 325 1 32500 191
P 326 1 32600 180
P 327 1 32700 151
P 328 1 32800 127
P 329 1 32900 104
P 330 1 33000 118
P 331 1 33100 146
P 332 1 33200 182
P 333 1 33300 210
P 334 1 33400 231
P 335 1 33500 282
P 336 1 33600 281
P 337 1 33700 251
P 338 1 33800 228
P 339 1 33900 211
P 340 1 34000 185
P 341 1 34100 167
P 342 1 34200 142
P 343 1 34300 106
P 344 1 34400 78
P 345 1 34500 64
P 346 1 34600 55
P 347 1 34700 47
P 348 1 34800 38
P 349 1 34900 30
P 350 1 35000 21
P 351 1 35100 15
P 352 1 35200 13
P 353 1 35300 10
P 354 1 35400 9
P 355 1 35500 7
P 356 1 35600 6
P 357 1 35700 5
P 358 1 35800 4
P 359 1 35900 3
P 360 1 36000 3
P 361 1 36100 2
P 362 1 36200 1
P 363 1 36300 1
P 364 1 36400 1
P 365 1 36500 1
P 366 1 36600 1
P 367 1 36700 1
P 368 1 36800 1
P 369 1 36900 1
P 370 1 37000 1
P 371 1 37100 1
P 372 1 37200 1
P 373 1 37300 1
P 374 1 37400 1
P 375 1 37500 1
P 376 1 37600 1
P 377 1 37700 1
P 378 1 37800 1
P 379 1 37900 1
P 380 1 38000 1
P 381 1 38100 1
P 382 1 38200 1
P 383 1 38300 1
P 384 1 38400 1
P 385 1 38500 1
P 386 1 38600 2
P 387 1 38700 4
P 388 1 38800 5
P 389 1 38900 6
P 390 1 39000 7
P 391 1 39100 8
P 392 1 39200 8
P 393 1 39300 7
P 394 1 39400 6
P 395 1 39500 4
P 396 1 39600 3
P 397 1 39700 1
P 398 1 39800 0
P 399 1 39900 1
P 400 1 40000 1
P 401 1 40100 1
P 402 1 40200 1
P 403 1 40300 1
P 404 1 40400 1
P 405 1 40500 1
P 406 1 40600 1
P 407 1 40700 1
P 408 1 40800 1
P 409 1 40900 1
P 410 1 41000 1
P 411 1 41100 1
P 412 1 41200 1
P 413 1 41300 1
P 414 1 41400 1
P 415 1 41500 1
P 416 1 41600 1
P 417 1 41700 1
P 418 1 41800 1
P 419 1 41900 1
P 420 1 42000 1
P 421 1 42100 1
P 422 1 42200 1
P 423 1 42300 1
P 424 1 42400 1
P 425 1 42500 1
P 426 1 42600 1
P 427 1 42700 1
P 428 1 42800 1
P 429 1 42900 1
P 430 1 43000 1
P 431 1 43100 1
P 432 1 43200 1
P 433 1 43300 1
P 434 1 43400 1
P 435 1 43500 1
P 436 1 43600 1
P 437 1 43700 1
P 438 1 43800 1
P 439 1 43900 1
P 440 1 44000 1
P 441 1 44100 1
P 442 1 44200 1
P 443 1 44300 0
P 444 1 44400 0
P 445 1 44500 0
P 446 1 44600 0
P 447 1 44700 0
P 448 1 44800 0
P 449 1 44900 0
P 450 1 45000 0
P 451 1 45100 0
P 452 1 45200 0
P 453 1 45300 0
P 454 1 45400 0
P 455 1 45500 0
P 456 1 45600 1
P 457 1 45700 2
P 458 1 45800 3
P 459 1 45900 4
P 460 1 46000 5
P 461 1 46100 6
P 462 1 46200 9
P 463 1 46300 13
P 464 1 46400 17
P 465 1 46500 20
P 466 1 46600 23
P 467 1 46700 26
P 468 1 46800 29
P 469 1 46900 35
P 470 1 47000 42
P 471 1 47100 47
P 472 1 47200 48
P 473 1 47300 49
P 474 1 47400 50
P 475 1 47500 54
P 476 1 47600 58
P 477 1 47700 63
P 478 1 47800 69
P 479 1 47900 71
P 480 1 48000 71
P 481 1 48100 69
P 482 1 48200 65
P 483 1 48300 59
P 484 1 48400 52
P 485 1 48500 40
P 486 1 48600 28
P 487 1 48700 18
P 488 1 48800 11
P 489 1 48900 6
P 490 1 49000 6
P 491 1 49100 6
P 492 1 49200 6
P 493 1 49300 7
P 494 1 49400 7
P 495 1 49500 8
P 496 1 49600 8
P 497 1 49700 8
P 498 1 49800 9
P 499 1 49900 9
P 500 1 50000 9
P 501 1 50100 8
P 502 1 50200 8
P 503 1 50300 8
P 504 1 50400 7
P 505 1 50500 7
P 506 1 50600 6
P 507 1 50700 5
P 508 1 50800 4
P 509 1 50900 4
P 510 1 51000 3
P 511 1 51100 2
P 512 1 51200 2
P 513 1 51300 1
P 514 1 51400 1
P 515 1 51500 1
P 516 1 51600 1
P 517 1 51700 1
P 518 1 51800 1
P 519 1 51900 1
P 520 1 52000 1
P 521 1 52100 1
P 522 1 52200 1
P 523 1 52300 1
P 524 1 52400 1
P 525 1 52500 1
P 526 1 52600 1
P 527 1 52700 1
P 528 1 52800 1
P 529 1 52900 1
P 530 1 53000 1
P 531 1 53100 1
P 532 1 53200 1
P 533 1 53300 1
P 534 1 53400 1
P 535 1 53500 1
P 536 1 53600 1
P 537 1 53700 1
P 538 1 53800 1
P 539 1 53900 1
P 540 1 54000 1
P 541 1 54100 1
P 542 1 54200 1
P 543 1 54300 1
P 544 1 54400 1
P 545 1 54500 1
P 546 1 54600 1
P 547 1 54700 1
P 548 1 54800 1
P 549 1 54900 5
P 550 1 55000 10
P 551 1 55100 18
P 552 1 55200 25
P 553 1 55300 32
P 554 1 55400 35
P 555 1 55500 37
P 556 1 55600 38
P 557 1 55700 36
P 558 1 55800 32
P 559 1 55900 26
P 560 1 56000 20
P 561 1 56100 14
P 562 1 56200 12
P 563 1 56300 13
P 564 1 56400 13
P 565 1 56500 13
P 566 1 56600 12
P 567 1 56700 12
P 568 1 56800 10
P 569 1 56900 9
P 570 1 57000 7
P 571 1 57100 5
P 572 1 57200 4
P 573 1 57300 3
P 574 1 57400 2
P 575 1 57500 1
P 576 1 57600 1
P 577 1 57700 0
P 578 1 57800 0
P 579 1 57900 0
P 580 1 58000 0
P 581 1 58100 0
P 582 1 58200 0
P 583 1 58300 0
P 584 1 58400 0
P 585 1 58500 0
P 586 1 58600 0
P 587 1 58700 0
P 588 1 58800 0
P 589 1 58900 0
P 590 1 59000 1
P 591 1 59100 2
P 592 1 59200 3
P 593 1 59300 5
P 594 1 59400 6
P 595 1 59500 8
P 596 1 59600 9
P 597 1 59700 10
P 598 1 59800 11
P 599 1 59900 13
P 600 1 60000 15
P 601 1 60100 16
P 602 1 60200 17
P 603 1 60300 18
P 604 1 60400 20
P 605 1 60500 22
P 606 1 60600 24
P 607 1 60700 25
P 608 1 60800 25
P 609 1 60900 23
P 610 1 61000 19
P 611 1 61100 16
P 612 1 61200 13
P 613 1 61300 10
P 614 1 61400 9
P 615 1 61500 8
P 616 1 61600 8
P 617 1 61700 7
P 618 1 61800 7
P 619 1 61900 7
P 620 1 62000 7
P 621 1 62100 7
P 622 1 62200 7
P 623 1 62300 6
P 624 1 62400 6
P 625 1 62500 6
P 626 1 62600 6
P 627 1 62700 5
P 628 1 62800 5
P 629 1 62900 5
P 630 1 63000 4
P 631 1 63100 4
P 632 1 63200 4
P 633 1 63300 4
P 634 1 63400 4
P 635 1 63500 4
P 636 1 63600 4
P 637 1 63700 5
P 638 1 63800 5
P 639 1 63900 6
P 640 1 64000 7
P 641 1 64100 8
P 642 1 64200 9
P 643 1 64300 10
P 644 1 64400 11
P 645 1 64500 12
P 646 1 64600 13
P 647 1 64700 13
P 648 1 64800 14
P 649 1 64900 14
P 650 1 65000 14
P 651 1 65100 16
P 652 1 65200 19
P 653 1 65300 23
P 654 1 65400 27
P 655 1 65500 32
P 656 1 65600 36
P 657 1 65700 41
P 658 1 65800 46
P 659 1 65900 53
P 660 1 66000 77
P 661 1 66100 97
P 662 1 66200 110
P 663 1 66300 112
P 664 1 66400 111
P 665 1 66500 120
P 666 1 66600 130
P 667 1 66700 134
P 668 1 66800 150
P 669 1 66900 174
P 669 1 66900 -174
P 668 1 66800 -150
P 667 1 66700 -134
P 666 1 66600 -130
P 665 1 66500 -120
P 664 1 66400 -111
P 663 1 66300 -112
P 662 1 66200 -110
P 661 1 66100 -97
P 660 1 66000 -77
P 659 1 65900 -53
P 658 1 65800 -46
P 657 1 65700 -41
P 656 1 65600 -36
P 655 1 65500 -32
P 654 1 65400 -27
P 653 1 65300 -23
P 652 1 65200 -19
P 651 1 65100 -16
P 650 1 65000 -14
P 649 1 64900 -14
P 648 1 64800 -14
P 647 1 64700 -13
P 646 1 64600 -13
P 645 1 64500 -12
P 644 1 64400 -11
P 643 1 64300 -10
P 642 1 64200 -9
P 641 1 64100 -8
P 640 1 64000 -7
P 639 1 63900 -6
P 638 1 63800 -5
P 637 1 63700 -5
P 636 1 63600 -4
P 635 1 63500 -4
P 634 1 63400 -4
P 633 1 63300 -4
P 632 1 63200 -4
P 631 1 63100 -4
P 630 1 63000 -4
P 629 1 62900 -5
P 628 1 62800 -5
P 627 1 62700 -5
P 626 1 62600 -6
P 625 1 62500 -6
P 624 1 62400 -6
P 623 1 62300 -6
P 622 1 62200 -7
P 621 1 62100 -7
P 620 1 62000 -7
P 619 1 61900 -7
P 618 1 61800 -7
P 617 1 61700 -7
P 616 1 61600 -8
P 615 1 61500 -8
P 614 1 61400 -9
P 613 1 61300 -10
P 612 1 61200 -13
P 611 1 61100 -16
P 610 1 61000 -19
P 609 1 60900 -23
P 608 1 60800 -25
P 607 1 60700 -25
P 606 1 60600 -24
P 605 1 60500 -22
P 604 1 60400 -20
P 603 1 60300 -18
P 602 1 60200 -17
P 601 1 60100 -16
P 600 1 60000 -15
P 599 1 59900 -13
P 598 1 59800 -11
P 597 1 59700 -10
P 596 1 59600 -9
P 595 1 59500 -8
P 594 1 59400 -6
P 593 1 59300 -5
P 592 1 59200 -3
P 591 1 59100 -2
P 590 1 59000 -1
P 589 1 58900 -0
P 588 1 58800 -0
P 587 1 58700 -0
P 586 1 58600 -0
P 585 1 58500 -0
P 584 1 58400 -0
P 583 1 58300 -0
P 582 1 58200 -0
P 581 1 58100 -0
P 580 1 58000 -0
P 579 1 57900 -0
P 578 1 57800 -0
P 577 1 57700 -0
P 576 1 57600 -1
P 575 1 57500 -1
P 574 1 57400 -2
P 573 1 57300 -3
P 572 1 57200 -4
P 571 1 57100 -5
P 570 1 57000 -7
P 569 1 56900 -9
P 568 1 56800 -10
P 567 1 56700 -12
P 566 1 56600 -12
P 565 1 56500 -13
P 564 1 56400 -13
P 563 1 56300 -13
P 562 1 56200 -12
P 561 1 56100 -14
P 560 1 56000 -20
P 559 1 55900 -26
P 558 1 55800 -32
P 557 1 55700 -36
P 556 1 55600 -38
P 555 1 55500 -37
P 554 1 55400 -35
P 553 1 55300 -32
P 552 1 55200 -25
P 551 1 55100 -18
P 550 1 55000 -10
P 549 1 54900 -5
P 548 1 54800 -1
P 547 1 54700 -1
P 546 1 54600 -1
P 545 1 54500 -1
P 544 1 54400 -1
P 543 1 54300 -1
P 542 1 54200 -1
P 541 1 54100 -1
P 540 1 54000 -1
P 539 1 53900 -1
P 538 1 53800 -1
P 537 1 53700 -1
P 536 1 53600 -1
P 535 1 53500 -1
P 534 1 53400 -1
P 533 1 53300 -1
P 532 1 53200 -1
P 531 1 53100 -1
P 530 1 53000 -1
P 529 1 52900 -1
P 528 1 52800 -1
P 527 1 52700 -1
P 526 1 52600 -1
P 525 1 52500 -1
P 524 1 52400 -1
P 523 1 52300 -1
P 522 1 52200 -1
P 521 1 52100 -1
P 520 1 52000 -1
P 519 1 51900 -1
P 518 1 51800 -1
P 517 1 51700 -1
P 516 1 51600 -1
P 515 1 51500 -1
P 514 1 51400 -1
P 513 1 51300 -1
P 512 1 51200 -2
P 511 1 51100 -2
P 510 1 51000 -3
P 509 1 50900 -4
P 508 1 50800 -4
P 507 1 50700 -5
P 506 1 50600 -6
P 505 1 50500 -7
P 504 1 50400 -7
P 503 1 50300 -8
P 502 1 50200 -8
P 501 1 50100 -8
P 500 1 50000 -9
P 499 1 49900 -9
P 498 1 49800 -9
P 497 1 49700 -8
P 496 1 49600 -8
P 495 1 49500 -8
P 494 1 49400 -7
P 493 1 49300 -7
P 492 1 49200 -6
P 491 1 49100 -6
P 490 1 49000 -6
P 489 1 48900 -6
P 488 1 48800 -11
P 487 1 48700 -18
P 486 1 48600 -28
P 485 1 48500 -40
P 484 1 48400 -52
P 483 1 48300 -59
P 482 1 48200 -65
P 481 1 48100 -69
P 480 1 48000 -71
P 479 1 47900 -71
P 478 1 47800 -69
P 477 1 47700 -63
P 476 1 47600 -58
P 475 1 47500 -54
P 474 1 47400 -50
P 473 1 47300 -49
P 472 1 47200 -48
P 471 1 47100 -47
P 470 1 47000 -42
P 469 1 46900 -35
P 468 1 46800 -29
P 467 1 46700 -26
P 466 1 46600 -23
P 465 1 46500 -20
P 464 1 46400 -17
P 463 1 46300 -13
P 462 1 46200 -9
P 461 1 46100 -6
P 460 1 46000 -5
P 459 1 45900 -4
P 458 1 45800 -3
P 457 1 45700 -2
P 456 1 45600 -1
P 455 1 45500 -0
P 454 1 45400 -0
P 453 1 45300 -0
P 452 1 45200 -0
P 451 1 45100 -0
P 450 1 45000 -0
P 449 1 44900 -0
P 448 1 44800 -0
P 447 1 44700 -0
P 446 1 44600 -0
P 445 1 44500 -0
P 444 1 44400 -0
P 443 1 44300 -0
P 442 1 44200 -1
P 441 1 44100 -1
P 440 1 44000 -1
P 439 1 43900 -1
P 438 1 43800 -1
P 437 1 43700 -1
P 436 1 43600 -1
P 435 1 43500 -1
P 434 1 43400 -1
P 433 1 43300 -1
P 432 1 43200 -1
P 431 1 43100 -1
P 430 1 43000 -1
P 429 1 42900 -1
P 428 1 42800 -1
P 427 1 42700 -1
P 426 1 42600 -1
P 425 1 42500 -1
P 424 1 42400 -1
P 423 1 42300 -1
P 422 1 42200 -1
P 421 1 42100 -1
P 420 1 42000 -1
P 419 1 41900 -1
P 418 1 41800 -1
P 417 1 41700 -1
P 416 1 41600 -1
P 415 1 41500 -1
P 414 1 41400 -1
P 413 1 41300 -1
P 412 1 41200 -1
P 411 1 41100 -1
P 410 1 41000 -1
P 409 1 40900 -1
P 408 1 40800 -1
P 407 1 40700 -1
P 406 1 40600 -1
P 405 1 40500 -1
P 404 1 40400 -1
P 403 1 40300 -1
P 402 1 40200 -1
P 401 1 40100 -1
P 400 1 40000 -1
P 399 1 39900 -1
P 398 1 39800 -0
P 397 1 39700 -1
P 396 1 39600 -3
P 395 1 39500 -4
P 394 1 39400 -6
P 393 1 39300 -7
P 392 1 39200 -8
P 391 1 39100 -8
P 390 1 39000 -7
P 389 1 38900 -6
P 388 1 38800 -5
P 387 1 38700 -4
P 386 1 38600 -2
P 385 1 38500 -1
P 384 1 38400 -1
P 383 1 38300 -1
P 382 1 38200 -1
P 381 1 38100 -1
P 380 1 38000 -1
P 379 1 37900 -1
P 378 1 37800 -1
P 377 1 37700 -1
P 376 1 37600 -1
P 375 1 37500 -1
P 374 1 37400 -1
P 373 1 37300 -1
P 372 1 37200 -1
P 371 1 37100 -1
P 370 1 37000 -1
P 369 1 36900 -1
P 368 1 36800 -1
P 367 1 36700 -1
P 366 1 36600 -1
P 365 1 36500 -1
P 364 1 36400 -1
P 363 1 36300 -1
P 362 1 36200 -1
P 361 1 36100 -2
P 360 1 36000 -3
P 359 1 35900 -3
P 358 1 35800 -4
P 357 1 35700 -5
P 356 1 35600 -6
P 355 1 35500 -7
P 354 1 35400 -9
P 353 1 35300 -10
P 352 1 35200 -13
P 351 1 35100 -15
P 350 1 35000 -21
P 349 1 34900 -30
P 348 1 34800 -38
P 347 1 34700 -47
P 346 1 34600 -55
P 345 1 34500 -64
P 344 1 34400 -78
P 343 1 34300 -106
P 342 1 34200 -142
P 341 1 34100 -167
P 340 1 34000 -185
P 339 1 33900 -211
P 338 1 33800 -228
P 337 1 33700 -251
P 336 1 33600 -281
P 335 1 33500 -282
P 334 1 33400 -231
P 333 1 33300 -210
P 332 1 33200 -182
P 331 1 33100 -146
P 330 1 33000 -118
P 329 1 32900 -104
P 328 1 32800 -127
P 327 1 32700 -151
P 326 1 32600 -180
P 325 1 32500 -191
P 324 1 32400 -192
P 323 1 32300 -188
P 322 1 32200 -178
P 321 1 32100 -160
P 320 1 32000 -147
P 319 1 31900 -116
P 318 1 31800 -66
P 317 1 31700 -31
P 316 1 31600 -25
P 315 1 31500 -21
P 314 1 31400 -19
P 313 1 31300 -18
P 312 1 31200 -16
P 311 1 31100 -15
P 310 1 31000 -14
P 309 1 30900 -17
P 308 1 30800 -21
P 307 1 30700 -25
P 306 1 30600 -28
P 305 1 30500 -32
P 304 1 30400 -40
P 303 1 30300 -48
P 302 1 30200 -54
P 301 1 30100 -59
P 300 1 30000 -61
P 299 1 29900 -60
P 298 1 29800 -54
P 297 1 29700 -47
P 296 1 29600 -37
P 295 1 29500 -26
P 294 1 29400 -19
P 293 1 29300 -20
P 292 1 29200 -21
P 291 1 29100 -22
P 290 1 29000 -23
P 289 1 28900 -23
P 288 1 28800 -24
P 287 1 28700 -25
P 286 1 28600 -25
P 285 1 28500 -25
P 284 1 28400 -26
P 283 1 28300 -26
P 282 1 28200 -25
P 281 1 28100 -26
P 280 1 28000 -27
P 279 1 27900 -28
P 278 1 27800 -31
P 277 1 27700 -35
P 276 1 27600 -39
P 275 1 27500 -42
P 274 1 27400 -53
P 273 1 27300 -70
P 272 1 27200 -87
P 271 1 27100 -100
P 270 1 27000 -111
P 269 1 26900 -123
P 268 1 26800 -146
P 267 1 26700 -176
P 266 1 26600 -197
P 265 1 26500 -211
P 264 1 26400 -214
P 263 1 26300 -218
P 262 1 26200 -233
P 261 1 26100 -251
P 260 1 26000 -262
P 259 1 25900 -249
P 258 1 25800 -238
P 257 1 25700 -224
P 256 1 25600 -207
P 255 1 25500 -197
P 254 1 25400 -186
P 253 1 25300 -175
P 252 1 25200 -174
P 251 1 25100 -194
P 250 1 25000 -218
P 249 1 24900 -227
P 248 1 24800 -242
P 247 1 24700 -267
P 246 1 24600 -295
P 245 1 24500 -332
P 244 1 24400 -346
P 243 1 24300 -347
P 242 1 24200 -336
P 241 1 24100 -327
P 240 1 24000 -315
P 239 1 23900 -294
P 238 1 23800 -272
P 237 1 23700 -231
P 236 1 23600 -184
P 235 1 23500 -138
P 234 1 23400 -102
P 233 1 23300 -78
P 232 1 23200 -55
P 231 1 23100 -34
P 230 1 23000 -33
P 229 1 22900 -33
P 228 1 22800 -33
P 227 1 22700 -32
P 226 1 22600 -31
P 225 1 22500 -20
P 224 1 22400 -8
P 223 1 22300 -1
P 222 1 22200 -1
P 221 1 22100 -1
P 220 1 22000 -1
P 219 1 21900 -2
P 218 1 21800 -2
P 217 1 21700 -3
P 216 1 21600 -3
P 215 1 21500 -3
P 214 1 21400 -4
P 213 1 21300 -4
P 212 1 21200 -4
P 211 1 21100 -4
P 210 1 21000 -8
P 209 1 20900 -20
P 208 1 20800 -37
P 207 1 20700 -59
P 206 1 20600 -85
P 205 1 20500 -108
P 204 1 20400 -126
P 203 1 20300 -156
P 202 1 20200 -182
P 201 1 20100 -199
P 200 1 20000 -201
P 199 1 19900 -204
P 198 1 19800 -203
P 197 1 19700 -202
P 196 1 19600 -214
P 195 1 19500 -218
P 194 1 19400 -228
P 193 1 19300 -238
P 192 1 19200 -262
P 191 1 19100 -296
P 190 1 19000 -308
P 189 1 18900 -305
P 188 1 18800 -329
P 187 1 18700 -371
P 186 1 18600 -429
P 185 1 18500 -501
P 184 1 18400 -550
P 183 1 18300 -560
P 182 1 18200 -546
P 181 1 18100 -503
P 180 1 18000 -456
P 179 1 17900 -446
P 178 1 17800 -489
P 177 1 17700 -501
P 176 1 17600 -486
P 175 1 17500 -480
P 174 1 17400 -482
P 173 1 17300 -488
P 172 1 17200 -488
P 171 1 17100 -512
P 170 1 17000 -512
P 169 1 16900 -482
P 168 1 16800 -489
P 167 1 16700 -497
P 166 1 16600 -525
P 165 1 16500 -588
P 164 1 16400 -674
P 163 1 16300 -736
P 162 1 16200 -734
P 161 1 16100 -669
P 160 1 16000 -613
P 159 1 15900 -532
P 158 1 15800 -425
P 157 1 15700 -316
P 156 1 15600 -213
P 155 1 15500 -138
P 154 1 15400 -83
P 153 1 15300 -57
P 152 1 15200 -50
P 151 1 15100 -46
P 150 1 15000 -43
P 149 1 14900 -38
P 148 1 14800 -32
P 147 1 14700 -30
P 146 1 14600 -30
P 145 1 14500 -30
P 144 1 14400 -30
P 143 1 14300 -33
P 142 1 14200 -35
P 141 1 14100 -34
P 140 1 14000 -27
P 139 1 13900 -18
P 138 1 13800 -12
P 137 1 13700 -12
P 136 1 13600 -14
P 135 1 13500 -16
P 134 1 13400 -19
P 133 1 13300 -22
P 132 1 13200 -26
P 131 1 13100 -30
P 130 1 13000 -35
P 129 1 12900 -41
P 128 1 12800 -45
P 127 1 12700 -45
P 126 1 12600 -44
P 125 1 12500 -41
P 124 1 12400 -36
P 123 1 12300 -27
P 122 1 12200 -20
P 121 1 12100 -15
P 120 1 12000 -13
P 119 1 11900 -14
P 118 1 11800 -16
P 117 1 11700 -17
P 116 1 11600 -20
P 115 1 11500 -22
P 114 1 11400 -26
P 113 1 11300 -32
P 112 1 11200 -42
P 111 1 11100 -49
P 110 1 11000 -50
P 109 1 10900 -54
P 108 1 10800 -69
P 107 1 10700 -84
P 106 1 10600 -95
P 105 1 10500 -110
P 104 1 10400 -131
P 103 1 10300 -152
P 102 1 10200 -155
P 101 1 10100 -170
P 100 1 10000 -180
P 99 1 9900 -222
P 98 1 9800 -252
P 97 1 9700 -265
P 96 1 9600 -273
P 95 1 9500 -291
P 94 1 9400 -327
P 93 1 9300 -348
P 92 1 9200 -391
P 91 1 9100 -425
P 90 1 9000 -441
P 89 1 8900 -509
P 88 1 8800 -605
P 87 1 8700 -719
P 86 1 8600 -817
P 85 1 8500 -837
P 84 1 8400 -813
P 83 1 8300 -785
P 82 1 8200 -749
P 81 1 8100 -695
P 80 1 8000 -672
P 79 1 7900 -599
P 78 1 7800 -491
P 77 1 7700 -374
P 76 1 7600 -328
P 75 1 7500 -331
P 74 1 7400 -333
P 73 1 7300 -332
P 72 1 7200 -322
P 71 1 7100 -331
P 70 1 7000 -332
P 69 1 6900 -292
P 68 1 6800 -233
P 67 1 6700 -186
P 66 1 6600 -170
P 65 1 6500 -140
P 64 1 6400 -114
P 63 1 6300 -116
P 62 1 6200 -149
P 61 1 6100 -187
P 60 1 6000 -235
P 59 1 5900 -302
P 58 1 5800 -352
P 57 1 5700 -371
P 56 1 5600 -403
P 55 1 5500 -428
P 54 1 5400 -451
P 53 1 5300 -443
P 52 1 5200 -424
P 51 1 5100 -400
P 50 1 5000 -333
P 49 1 4900 -289
P 48 1 4800 -258
P 47 1 4700 -206
P 46 1 4600 -170
P 45 1 4500 -124
P 44 1 4400 -83
P 43 1 4300 -66
P 42 1 4200 -44
P 41 1 4100 -42
P 40 1 4000 -70
P 39 1 3900 -95
P 38 1 3800 -115
P 37 1 3700 -148
P 36 1 3600 -193
P 35 1 3500 -263
P 34 1 3400 -322
P 33 1 3300 -371
P 32 1 3200 -383
P 31 1 3100 -375
P 30 1 3000 -352
P 29 1 2900 -351
P 28 1 2800 -344
P 27 1 2700 -340
P 26 1 2600 -282
P 25 1 2500 -253
P 24 1 2400 -204
P 23 1 2300 -176
P 22 1 2200 -226
P 21 1 2100 -287
P 20 1 2000 -296
P 19 1 1900 -287
P 18 1 1800 -286
P 17 1 1700 -291
P 16 1 1600 -315
P 15 1 1500 -320
P 14 1 1400 -305
P 13 1 1300 -221
P 12 1 1200 -179
P 11 1 1100 -192
P 10 1 1000 -244
P 9 1 900 -302
P 8 1 800 -353
P 7 1 700 -367
P 6 1 600 -392
P 5 1 500 -432
P 4 1 400 -512
P 3 1 300 -595
P 2 1 200 -645
P 1 1 100 -677
P 0 1 0 -688
