P 0 1 0
P 1 1 100
P 2 1 200
P 3 1 300
P 4 1 400
P 5 1 500
P 6 1 600
P 7 1 700
P 8 1 800
P 9 1 900
P 10 1 1000
P 11 1 1100
P 12 1 1200
P 13 1 1300
P 14 1 1400
P 15 1 1500
P 16 1 1600
P 17 1 1700
P 18 1 1800
P 19 1 1900
P 20 1 2000
P 21 1 2100
P 22 1 2200
P 23 1 2300
P 24 1 2400
P 25 1 2500
P 26 1 2600
P 27 1 2700
P 28 1 2800
P 29 1 2900
P 30 1 3000
P 31 1 3100
P 32 1 3200
P 33 1 3300
P 34 1 3400
P 35 1 3500
P 36 1 3600
P 37 1 3700
P 38 1 3800
P 39 1 3900
P 40 1 4000
P 41 1 4100
P 42 1 4200
P 43 1 4300
P 44 1 4400
P 45 1 4500
P 46 1 4600
P 47 1 4700
P 48 1 4800
P 49 1 4900
P 50 1 5000
P 51 1 5100
P 52 1 5200
P 53 1 5300
P 54 1 5400
P 55 1 5500
P 56 1 5600
P 57 1 5700
P 58 1 5800
P 59 1 5900
P 60 1 6000
P 61 1 6100
P 62 1 6200
P 63 1 6300
P 64 1 6400
P 65 1 6500
P 66 1 6600
P 67 1 6700
P 68 1 6800
P 69 1 6900
P 70 1 7000
P 71 1 7100
P 72 1 7200
P 73 1 7300
P 74 1 7400
P 75 1 7500
P 76 1 7600
P 77 1 7700
P 78 1 7800
P 79 1 7900
P 80 1 8000
P 81 1 8100
P 82 1 8200
P 83 1 8300
P 84 1 8400
P 85 1 8500
P 86 1 8600
P 87 1 8700
P 88 1 8800
P 89 1 8900
P 90 1 9000
P 91 1 9100
P 92 1 9200
P 93 1 9300
P 94 1 9400
P 95 1 9500
P 96 1 9600
P 97 1 9700
P 98 1 9800
P 99 1 9900
P 100 1 10000
P 101 1 10100
P 102 1 10200
P 103 1 10300
P 104 1 10400
P 105 1 10500
P 106 1 10600
P 107 1 10700
P 108 1 10800
P 109 1 10900
P 110 1 11000
P 111 1 11100
P 112 1 11200
P 113 1 11300
P 114 1 11400
P 115 1 11500
P 116 1 11600
P 117 1 11700
P 118 1 11800
P 119 1 11900
P 120 1 12000
P 121 1 12100
P 122 1 12200
P 123 1 12300
P 124 1 12400
P 125 1 12500
P 126 1 12600
P 127 1 12700
P 128 1 12800
P 129 1 12900
P 130 1 13000
P 131 1 13100
P 132 1 13200
P 133 1 13300
P 134 1 13400
P 135 1 13500
P 136 1 13600
P 137 1 13700
P 138 1 13800
P 139 1 13900
P 140 1 14000
P 141 1 14100
P 142 1 14200
P 143 1 14300
P 144 1 14400
P 145 1 14500
P 146 1 14600
P 147 1 14700
P 148 1 14800
P 149 1 14900
P 150 1 15000
P 151 1 15100
P 152 1 15200
P 153 1 15300
P 154 1 15400
P 155 1 15500
P 156 1 15600
P 157 1 15700
P 158 1 15800
P 159 1 15900
P 160 1 16000
P 161 1 16100
P 162 1 16200
P 163 1 16300
P 164 1 16400
P 165 1 16500
P 166 1 16600
P 167 1 16700
P 168 1 16800
P 169 1 16900
P 170 1 17000
P 171 1 17100
P 172 1 17200
P 173 1 17300
P 174 1 17400
P 175 1 17500
P 176 1 17600
P 177 1 17700
P 178 1 17800
P 179 1 17900
P 180 1 18000
P 181 1 18100
P 182 1 18200
P 183 1 18300
P 184 1 18400
P 185 1 18500
P 186 1 18600
P 187 1 18700
P 188 1 18800
P 189 1 18900
P 190 1 19000
P 191 1 19100
P 192 1 19200
P 193 1 19300
P 194 1 19400
P 195 1 19500
P 196 1 19600
P 197 1 19700
P 198 1 19800
P 199 1 19900
P 200 1 20000
P 201 1 20100
P 202 1 20200
P 203 1 20300
P 204 1 20400
P 205 1 20500
P 206 1 20600
P 207 1 20700
P 208 1 20800
P 209 1 20900
P 210 1 21000
P 211 1 21100
P 212 1 21200
P 213 1 21300
P 214 1 21400
P 215 1 21500
P 216 1 21600
P 217 1 21700
P 218 1 21800
P 219 1 21900
P 220 1 22000
P 221 1 22100
P 222 1 22200
P 223 1 22300
P 224 1 22400
P 225 1 22500
P 226 1 22600
P 227 1 22700
P 228 1 22800
P 229 1 22900
P 230 1 23000
P 231 1 23100
P 232 1 23200
P 233 1 23300
P 234 1 23400
P 235 1 23500
P 236 1 23600
P 237 1 23700
P 238 1 23800
P 239 1 23900
P 240 1 24000
P 241 1 24100
P 242 1 24200
P 243 1 24300
P 244 1 24400
P 245 1 24500
P 246 1 24600
P 247 1 24700
P 248 1 24800
P 249 1 24900
P 250 1 25000
P 251 1 25100
P 252 1 25200
P 253 1 25300
P 254 1 25400
P 255 1 25500
P 256 1 25600
P 257 1 25700
P 258 1 25800
P 259 1 25900
P 260 1 26000
P 261 1 26100
P 262 1 26200
P 263 1 26300
P 264 1 26400
P 265 1 26500
P 266 1 26600
P 267 1 26700
P 268 1 26800
P 269 1 26900
P 270 1 27000
P 271 1 27100
P 272 1 27200
P 273 1 27300
P 274 1 27400
P 275 1 27500
P 276 1 27600
P 277 1 27700
P 278 1 27800
P 279 1 27900
P 280 1 28000
P 281 1 28100
P 282 1 28200
P 283 1 28300
P 284 1 28400
P 285 1 28500
P 286 1 28600
P 287 1 28700
P 288 1 28800
P 289 1 28900
P 290 1 29000
P 291 1 29100
P 292 1 29200
P 293 1 29300
P 294 1 29400
P 295 1 29500
P 296 1 29600
P 297 1 29700
P 298 1 29800
P 299 1 29900
P 300 1 30000
P 301 1 30100
P 302 1 30200
P 303 1 30300
P 304 1 30400
P 305 1 30500
P 306 1 30600
P 307 1 30700
P 308 1 30800
P 309 1 30900
P 310 1 31000
P 311 1 31100
P 312 1 31200
P 313 1 31300
P 314 1 31400
P 315 1 31500
P 316 1 31600
P 317 1 31700
P 318 1 31800
P 319 1 31900
P 320 1 32000
P 321 1 32100
P 322 1 32200
P 323 1 32300
P 324 1 32400
P 325 1 32500
P 326 1 32600
P 327 1 32700
P 328 1 32800
P 329 1 32900
P 330 1 33000
P 331 1 33100
P 332 1 33200
P 333 1 33300
P 334 1 33400
P 335 1 33500
P 336 1 33600
P 337 1 33700
P 338 1 33800
P 339 1 33900
P 340 1 34000
P 341 1 34100
P 342 1 34200
P 343 1 34300
P 344 1 34400
P 345 1 34500
P 346 1 34600
P 347 1 34700
P 348 1 34800
P 349 1 34900
P 350 1 35000
P 351 1 35100
P 352 1 35200
P 353 1 35300
P 354 1 35400
P 355 1 35500
P 356 1 35600
P 357 1 35700
P 358 1 35800
P 359 1 35900
P 360 1 36000
P 361 1 36100
P 362 1 36200
P 363 1 36300
P 364 1 36400
P 365 1 36500
P 366 1 36600
P 367 1 36700
P 368 1 36800
P 369 1 36900
P 370 1 37000
P 371 1 37100
P 372 1 37200
P 373 1 37300
P 374 1 37400
P 375 1 37500
P 376 1 37600
P 377 1 37700
P 378 1 37800
P 379 1 37900
P 380 1 38000
P 381 1 38100
P 382 1 38200
P 383 1 38300
P 384 1 38400
P 385 1 38500
P 386 1 38600
P 387 1 38700
P 388 1 38800
P 389 1 38900
P 390 1 39000
P 391 1 39100
P 392 1 39200
P 393 1 39300
P 394 1 39400
P 395 1 39500
P 396 1 39600
P 397 1 39700
P 398 1 39800
P 399 1 39900
P 400 1 40000
P 401 1 40100
P 402 1 40200
P 403 1 40300
P 404 1 40400
P 405 1 40500
P 406 1 40600
P 407 1 40700
P 408 1 40800
P 409 1 40900
P 410 1 41000
P 411 1 41100
P 412 1 41200
P 413 1 41300
P 414 1 41400
P 415 1 41500
P 416 1 41600
P 417 1 41700
P 418 1 41800
P 419 1 41900
P 420 1 42000
P 421 1 42100
P 422 1 42200
P 423 1 42300
P 424 1 42400
P 425 1 42500
P 426 1 42600
P 427 1 42700
P 428 1 42800
P 429 1 42900
P 430 1 43000
P 431 1 43100
P 432 1 43200
P 433 1 43300
P 434 1 43400
P 435 1 43500
P 436 1 43600
P 437 1 43700
P 438 1 43800
P 439 1 43900
P 440 1 44000
P 441 1 44100
P 442 1 44200
P 443 1 44300
P 444 1 44400
P 445 1 44500
P 446 1 44600
P 447 1 44700
P 448 1 44800
P 449 1 44900
P 450 1 45000
P 451 1 45100
P 452 1 45200
P 453 1 45300
P 454 1 45400
P 455 1 45500
P 456 1 45600
P 457 1 45700
P 458 1 45800
P 459 1 45900
P 460 1 46000
P 461 1 46100
P 462 1 46200
P 463 1 46300
P 464 1 46400
P 465 1 46500
P 466 1 46600
P 467 1 46700
P 468 1 46800
P 469 1 46900
P 470 1 47000
P 471 1 47100
P 472 1 47200
P 473 1 47300
P 474 1 47400
P 475 1 47500
P 476 1 47600
P 477 1 47700
P 478 1 47800
P 479 1 47900
P 480 1 48000
P 481 1 48100
P 482 1 48200
P 483 1 48300
P 484 1 48400
P 485 1 48500
P 486 1 48600
P 487 1 48700
P 488 1 48800
P 489 1 48900
P 490 1 49000
P 491 1 49100
P 492 1 49200
P 493 1 49300
P 494 1 49400
P 495 1 49500
P 496 1 49600
P 497 1 49700
P 498 1 49800
P 499 1 49900
P 500 1 50000
P 501 1 50100
P 502 1 50200
P 503 1 50300
P 504 1 50400
P 505 1 50500
P 506 1 50600
P 507 1 50700
P 508 1 50800
P 509 1 50900
P 510 1 51000
P 511 1 51100
P 512 1 51200
P 513 1 51300
P 514 1 51400
P 515 1 51500
P 516 1 51600
P 517 1 51700
P 518 1 51800
P 519 1 51900
P 520 1 52000
P 521 1 52100
P 522 1 52200
P 523 1 52300
P 524 1 52400
P 525 1 52500
P 526 1 52600
P 527 1 52700
P 528 1 52800
P 529 1 52900
P 530 1 53000
P 531 1 53100
P 532 1 53200
P 533 1 53300
P 534 1 53400
P 535 1 53500
P 536 1 53600
P 537 1 53700
P 538 1 53800
P 539 1 53900
P 540 1 54000
P 541 1 54100
P 542 1 54200
P 543 1 54300
P 544 1 54400
P 545 1 54500
P 546 1 54600
P 547 1 54700
P 548 1 54800
P 549 1 54900
P 550 1 55000
P 551 1 55100
P 552 1 55200
P 553 1 55300
P 554 1 55400
P 555 1 55500
P 556 1 55600
P 557 1 55700
P 558 1 55800
P 559 1 55900
P 560 1 56000
P 561 1 56100
P 562 1 56200
P 563 1 56300
P 564 1 56400
P 565 1 56500
P 566 1 56600
P 567 1 56700
P 568 1 56800
P 569 1 56900
P 570 1 57000
P 571 1 57100
P 572 1 57200
P 573 1 57300
P 574 1 57400
P 575 1 57500
P 576 1 57600
P 577 1 57700
P 578 1 57800
P 579 1 57900
P 580 1 58000
P 581 1 58100
P 582 1 58200
P 583 1 58300
P 584 1 58400
P 585 1 58500
P 586 1 58600
P 587 1 58700
P 588 1 58800
P 589 1 58900
P 590 1 59000
P 591 1 59100
P 592 1 59200
P 593 1 59300
P 594 1 59400
P 595 1 59500
P 596 1 59600
P 597 1 59700
P 598 1 59800
P 599 1 59900
P 600 1 60000
P 601 1 60100
P 602 1 60200
P 603 1 60300
P 604 1 60400
P 605 1 60500
P 606 1 60600
P 607 1 60700
P 608 1 60800
P 609 1 60900
P 610 1 61000
P 611 1 61100
P 612 1 61200
P 613 1 61300
P 614 1 61400
P 615 1 61500
P 616 1 61600
P 617 1 61700
P 618 1 61800
P 619 1 61900
P 620 1 62000
P 621 1 62100
P 622 1 62200
P 623 1 62300
P 624 1 62400
P 625 1 62500
P 626 1 62600
P 627 1 62700
P 628 1 62800
P 629 1 62900
P 630 1 63000
P 631 1 63100
P 632 1 63200
P 633 1 63300
P 634 1 63400
P 635 1 63500
P 636 1 63600
P 637 1 63700
P 638 1 63800
P 639 1 63900
P 640 1 64000
P 641 1 64100
P 642 1 64200
P 643 1 64300
P 644 1 64400
P 645 1 64500
P 646 1 64600
P 647 1 64700
P 648 1 64800
P 649 1 64900
P 650 1 65000
P 651 1 65100
P 652 1 65200
P 653 1 65300
P 654 1 65400
P 655 1 65500
P 656 1 65600
P 657 1 65700
P 658 1 65800
P 659 1 65900
P 660 1 66000
P 661 1 66100
P 662 1 66200
P 663 1 66300
P 664 1 66400
P 665 1 66500
P 666 1 66600
P 667 1 66700
P 668 1 66800
P 669 1 66900
P 670 1 67000
P 671 1 67100
P 672 1 67200
P 673 1 67300
P 674 1 67400
P 675 1 67500
P 676 1 67600
P 677 1 67700
P 678 1 67800
P 679 1 67900
P 680 1 68000
P 681 1 68100
P 682 1 68200
P 683 1 68300
P 684 1 68400
P 685 1 68500
P 686 1 68600
P 687 1 68700
P 688 1 68800
P 689 1 68900
P 690 1 69000
P 691 1 69100
P 692 1 69200
P 693 1 69300
P 694 1 69400
P 695 1 69500
P 696 1 69600
P 697 1 69700
P 698 1 69800
P 699 1 69900
P 700 1 70000
P 701 1 70100
P 702 1 70200
P 703 1 70300
P 704 1 70400
P 705 1 70500
P 706 1 70600
P 707 1 70700
P 708 1 70800
P 709 1 70900
P 710 1 71000
P 711 1 71100
P 712 1 71200
P 713 1 71300
P 714 1 71400
P 715 1 71500
P 716 1 71600
P 717 1 71700
P 718 1 71800
P 719 1 71900
P 720 1 72000
P 721 1 72100
P 722 1 72200
P 723 1 72300
P 724 1 72400
P 725 1 72500
P 726 1 72600
P 727 1 72700
P 728 1 72800
P 729 1 72900
P 730 1 73000
P 731 1 73100
P 732 1 73200
P 733 1 73300
P 734 1 73400
P 735 1 73500
P 736 1 73600
P 737 1 73700
P 738 1 73800
P 739 1 73900
P 740 1 74000
P 741 1 74100
P 742 1 74200
P 743 1 74300
P 744 1 74400
P 745 1 74500
P 746 1 74600
P 747 1 74700
P 748 1 74800
P 749 1 74900
P 750 1 75000
P 751 1 75100
P 752 1 75200
P 753 1 75300
P 754 1 75400
P 755 1 75500
P 756 1 75600
P 757 1 75700
P 758 1 75800
P 759 1 75900
P 760 1 76000
P 761 1 76100
P 762 1 76200
P 763 1 76300
P 764 1 76400
P 765 1 76500
P 766 1 76600
P 767 1 76700
P 768 1 76800
P 769 1 76900
P 770 1 77000
P 771 1 77100
P 772 1 77200
P 773 1 77300
P 774 1 77400
P 775 1 77500
P 776 1 77600
P 777 1 77700
P 778 1 77800
P 779 1 77900
P 780 1 78000
P 781 1 78100
P 782 1 78200
P 783 1 78300
P 784 1 78400
P 785 1 78500
P 786 1 78600
P 787 1 78700
P 788 1 78800
P 789 1 78900
P 790 1 79000
P 791 1 79100
P 792 1 79200
P 793 1 79300
P 794 1 79400
P 795 1 79500
P 796 1 79600
P 797 1 79700
P 798 1 79800
P 799 1 79900
P 800 1 80000
P 801 1 80100
P 802 1 80200
P 803 1 80300
P 804 1 80400
P 805 1 80500
P 806 1 80600
P 807 1 80700
P 808 1 80800
P 809 1 80900
P 810 1 81000
P 811 1 81100
P 812 1 81200
P 813 1 81300
P 814 1 81400
P 815 1 81500
P 816 1 81600
P 817 1 81700
P 818 1 81800
P 819 1 81900
P 820 1 82000
P 821 1 82100
P 822 1 82200
P 823 1 82300
P 824 1 82400
P 825 1 82500
P 826 1 82600
P 827 1 82700
P 828 1 82800
P 829 1 82900
P 830 1 83000
P 831 1 83100
P 832 1 83200
P 833 1 83300
P 834 1 83400
P 835 1 83500
P 836 1 83600
P 837 1 83700
